0 0.9711538461538461 0.20673076923076922 0.052884615384615384 0.1346153846153846
0 0.03485576923076923 0.25841346153846156 0.06610576923076923 0.22716346153846154
0 0.8942307692307693 0.2668269230769231 0.21033653846153846 0.12740384615384615
0 0.5721153846153846 0.26802884615384615 0.20192307692307693 0.13581730769230768
0 0.42788461538461536 0.30288461538461536 0.1971153846153846 0.15504807692307693
0 0.11177884615384616 0.33052884615384615 0.1971153846153846 0.14783653846153846
0 0.6923076923076923 0.37740384615384615 0.1935096153846154 0.1778846153846154
0 0.8064903846153846 0.39663461538461536 0.14182692307692307 0.203125
0 0.9122596153846154 0.40024038461538464 0.17427884615384615 0.1310096153846154
0 0.12259615384615384 0.04447115384615385 0.12139423076923077 0.08774038461538461
0 0.4495192307692308 0.45913461538461536 0.21394230769230768 0.15865384615384615
0 0.203125 0.4639423076923077 0.16466346153846154 0.19951923076923078
0 0.5973557692307693 0.47716346153846156 0.14543269230769232 0.22596153846153846
0 0.020432692307692308 0.05048076923076923 0.037259615384615384 0.09975961538461539
0 0.5901442307692307 0.052884615384615384 0.12980769230769232 0.10576923076923077
0 0.90625 0.5168269230769231 0.18389423076923078 0.14783653846153846
0 0.3112980769230769 0.5300480769230769 0.1875 0.12620192307692307
0 0.9723557692307693 0.055288461538461536 0.05048076923076923 0.11057692307692307
0 0.09975961538461539 0.546875 0.16947115384615385 0.15745192307692307
0 0.453125 0.5817307692307693 0.1971153846153846 0.14302884615384615
0 0.9074519230769231 0.6538461538461539 0.18028846153846154 0.17307692307692307
0 0.171875 0.6538461538461539 0.12379807692307693 0.18269230769230768
0 0.046875 0.6634615384615384 0.09134615384615384 0.19951923076923078
0 0.29927884615384615 0.6694711538461539 0.1875 0.15865384615384615
0 0.8305288461538461 0.6838942307692307 0.13942307692307693 0.22355769230769232
0 0.7355769230769231 0.6995192307692307 0.14302884615384615 0.17908653846153846
0 0.5961538461538461 0.7175480769230769 0.1971153846153846 0.17067307692307693
0 0.4266826923076923 0.7271634615384616 0.18870192307692307 0.12379807692307693
0 0.9543269230769231 0.7644230769230769 0.08653846153846154 0.17307692307692307
0 0.28365384615384615 0.8185096153846154 0.18028846153846154 0.14182692307692307
0 0.5 0.8221153846153846 0.19230769230769232 0.13942307692307693
0 0.7199519230769231 0.8305288461538461 0.1778846153846154 0.15384615384615385
0 0.39663461538461536 0.8641826923076923 0.1201923076923077 0.25
0 0.6165865384615384 0.8870192307692307 0.11538461538461539 0.22235576923076922
0 0.7560096153846154 0.09134615384615384 0.109375 0.18269230769230768
0 0.8485576923076923 0.09254807692307693 0.11298076923076923 0.18389423076923078
0 0.65625 0.09375 0.11177884615384616 0.1875
0 0.052884615384615384 0.9399038461538461 0.1045673076923077 0.11778846153846154
0 0.16947115384615385 0.9555288461538461 0.17668269230769232 0.08653846153846154
0 0.9543269230769231 0.9579326923076923 0.08533653846153846 0.08052884615384616
0 0.5853365384615384 0.9711538461538461 0.1622596153846154 0.052884615384615384
0 0.3737980769230769 0.1045673076923077 0.11538461538461539 0.2091346153846154
0 0.2848557692307692 0.10576923076923077 0.08774038461538461 0.21033653846153846
0 0.47596153846153844 0.1141826923076923 0.11778846153846154 0.22716346153846154
0 0.1310096153846154 0.16947115384615385 0.14302884615384615 0.15144230769230768