0 0.027644230769230768 0.7944711538461539 0.055288461538461536 0.13221153846153846
0 0.9651442307692307 0.7415865384615384 0.06610576923076923 0.22716346153846154
0 0.10576923076923077 0.7331730769230769 0.21033653846153846 0.12740384615384615
0 0.42788461538461536 0.7319711538461539 0.20192307692307693 0.13581730769230768
0 0.5721153846153846 0.6971153846153846 0.1971153846153846 0.15504807692307693
0 0.8882211538461539 0.6694711538461539 0.1971153846153846 0.14783653846153846
0 0.3076923076923077 0.6225961538461539 0.1935096153846154 0.1778846153846154
0 0.1935096153846154 0.6033653846153846 0.14182692307692307 0.203125
0 0.08774038461538461 0.5997596153846154 0.17427884615384615 0.1310096153846154
0 0.8774038461538461 0.9555288461538461 0.12139423076923077 0.08774038461538461
0 0.5504807692307693 0.5408653846153846 0.21394230769230768 0.15865384615384615
0 0.796875 0.5360576923076923 0.16466346153846154 0.19951923076923078
0 0.4026442307692308 0.5228365384615384 0.14543269230769232 0.22596153846153846
0 0.9795673076923077 0.9495192307692307 0.037259615384615384 0.09975961538461539
0 0.4098557692307692 0.9459134615384616 0.13221153846153846 0.10336538461538461
0 0.09375 0.4831730769230769 0.18389423076923078 0.14783653846153846
0 0.6887019230769231 0.4699519230769231 0.1875 0.12620192307692307
0 0.027644230769230768 0.9447115384615384 0.055288461538461536 0.10576923076923077
0 0.9002403846153846 0.453125 0.16947115384615385 0.15745192307692307
0 0.546875 0.4182692307692308 0.1971153846153846 0.14302884615384615
0 0.09134615384615384 0.3473557692307692 0.18269230769230768 0.17067307692307693
0 0.828125 0.34615384615384615 0.12379807692307693 0.18269230769230768
0 0.953125 0.33653846153846156 0.09134615384615384 0.19951923076923078
0 0.7007211538461539 0.33052884615384615 0.1875 0.15865384615384615
0 0.16947115384615385 0.3161057692307692 0.13942307692307693 0.22355769230769232
0 0.2644230769230769 0.3004807692307692 0.14302884615384615 0.17908653846153846
0 0.40384615384615385 0.2824519230769231 0.1971153846153846 0.17067307692307693
0 0.5733173076923077 0.27283653846153844 0.18870192307692307 0.12379807692307693
0 0.04447115384615385 0.23677884615384615 0.0889423076923077 0.17067307692307693
0 0.7163461538461539 0.1814903846153846 0.18028846153846154 0.14182692307692307
0 0.5 0.1778846153846154 0.19230769230769232 0.13942307692307693
0 0.2800480769230769 0.16947115384615385 0.1778846153846154 0.15384615384615385
0 0.6033653846153846 0.13581730769230768 0.1201923076923077 0.25
0 0.38341346153846156 0.11298076923076923 0.11538461538461539 0.22235576923076922
0 0.2439903846153846 0.9074519230769231 0.11298076923076923 0.18028846153846154
0 0.15144230769230768 0.9074519230769231 0.11298076923076923 0.18389423076923078
0 0.34375 0.9050480769230769 0.11538461538461539 0.18509615384615385
0 0.9471153846153846 0.06009615384615385 0.1045673076923077 0.11778846153846154
0 0.8305288461538461 0.04447115384615385 0.17668269230769232 0.08653846153846154
0 0.04567307692307692 0.042067307692307696 0.08533653846153846 0.08052884615384616
0 0.41466346153846156 0.028846153846153848 0.1622596153846154 0.052884615384615384
0 0.6262019230769231 0.8942307692307693 0.11778846153846154 0.20673076923076922
0 0.7151442307692307 0.8942307692307693 0.08774038461538461 0.21033653846153846
0 0.5240384615384616 0.8858173076923077 0.11778846153846154 0.22716346153846154
0 0.8689903846153846 0.8305288461538461 0.14302884615384615 0.15144230769230768