0 0.9651442307692307 0.7548076923076923 0.06490384615384616 0.21153846153846154
0 0.4110576923076923 0.7247596153846154 0.20192307692307693 0.15625
0 0.08533653846153846 0.703125 0.17067307692307693 0.12740384615384615
0 0.23918269230769232 0.6766826923076923 0.18028846153846154 0.17067307692307693
0 0.7199519230769231 0.6370192307692307 0.1658653846153846 0.22115384615384615
0 0.5877403846153846 0.6213942307692307 0.15625 0.17067307692307693
0 0.9543269230769231 0.6141826923076923 0.08653846153846154 0.20432692307692307
0 0.08774038461538461 0.5973557692307693 0.17548076923076922 0.14182692307692307
0 0.328125 0.5949519230769231 0.13701923076923078 0.21394230769230768
0 0.4182692307692308 0.5480769230769231 0.13942307692307693 0.24519230769230768
0 0.20552884615384615 0.4891826923076923 0.11778846153846154 0.23317307692307693
0 0.49399038461538464 0.4855769230769231 0.15625 0.15865384615384615
0 0.6490384615384616 0.4855769230769231 0.22596153846153846 0.15865384615384615
0 0.09014423076923077 0.48197115384615385 0.1658653846153846 0.1466346153846154
0 0.2980769230769231 0.4735576923076923 0.1346153846153846 0.25
0 0.9086538461538461 0.4483173076923077 0.1778846153846154 0.1658653846153846
0 0.42788461538461536 0.9399038461538461 0.14423076923076922 0.11538461538461539
0 0.5685096153846154 0.4050480769230769 0.15625 0.19951923076923078
0 0.7199519230769231 0.3786057692307692 0.19951923076923078 0.1466346153846154
0 0.7584134615384616 0.9350961538461539 0.15625 0.125
0 0.09735576923076923 0.35216346153846156 0.19471153846153846 0.17067307692307693
0 0.9579326923076923 0.3425480769230769 0.07932692307692307 0.21875
0 0.8173076923076923 0.3269230769230769 0.20192307692307693 0.16826923076923078
0 0.4699519230769231 0.3125 0.23317307692307693 0.19230769230769232
0 0.04447115384615385 0.2439903846153846 0.0889423076923077 0.24278846153846154
0 0.19831730769230768 0.2403846153846154 0.18028846153846154 0.21153846153846154
0 0.7271634615384616 0.19471153846153846 0.12740384615384615 0.18269230769230768
0 0.3125 0.1875 0.16826923076923078 0.1875
0 0.4723557692307692 0.18629807692307693 0.20432692307692307 0.18509615384615385
0 0.6189903846153846 0.125 0.13701923076923078 0.20192307692307693
0 0.3894230769230769 0.12139423076923077 0.1346153846153846 0.23798076923076922
0 0.25721153846153844 0.9086538461538461 0.125 0.1778846153846154
0 0.9326923076923077 0.07932692307692307 0.12980769230769232 0.15384615384615385
0 0.05048076923076923 0.027644230769230768 0.10096153846153846 0.05048076923076923
0 0.42427884615384615 0.026442307692307692 0.1658653846153846 0.04807692307692308
0 0.8076923076923077 0.019230769230769232 0.11538461538461539 0.03365384615384615
0 0.3485576923076923 0.8954326923076923 0.12980769230769232 0.20432692307692307
0 0.6057692307692307 0.8894230769230769 0.16826923076923078 0.21634615384615385
0 0.984375 0.8846153846153846 0.026442307692307692 0.0673076923076923
0 0.09134615384615384 0.8221153846153846 0.18269230769230768 0.16826923076923078
0 0.7283653846153846 0.7836538461538461 0.1971153846153846 0.16346153846153846
0 0.8701923076923077 0.7740384615384616 0.1875 0.16346153846153846