0 0.03485576923076923 0.24519230769230768 0.06490384615384616 0.21153846153846154
0 0.5889423076923077 0.27524038461538464 0.20192307692307693 0.15625
0 0.9134615384615384 0.2980769230769231 0.16826923076923078 0.12980769230769232
0 0.7608173076923077 0.3233173076923077 0.18028846153846154 0.17067307692307693
0 0.2800480769230769 0.3629807692307692 0.1658653846153846 0.22115384615384615
0 0.41225961538461536 0.3786057692307692 0.15625 0.17067307692307693
0 0.04567307692307692 0.3858173076923077 0.08653846153846154 0.20432692307692307
0 0.9110576923076923 0.40384615384615385 0.17307692307692307 0.14423076923076922
0 0.671875 0.4050480769230769 0.13701923076923078 0.21394230769230768
0 0.5817307692307693 0.4519230769230769 0.13942307692307693 0.24519230769230768
0 0.7944711538461539 0.5108173076923077 0.11778846153846154 0.23317307692307693
0 0.5060096153846154 0.5144230769230769 0.15625 0.15865384615384615
0 0.35096153846153844 0.5144230769230769 0.22596153846153846 0.15865384615384615
0 0.9098557692307693 0.5180288461538461 0.1658653846153846 0.1466346153846154
0 0.7019230769230769 0.5264423076923077 0.1346153846153846 0.25
0 0.09134615384615384 0.5516826923076923 0.1778846153846154 0.1658653846153846
0 0.5733173076923077 0.05889423076923077 0.14182692307692307 0.11778846153846154
0 0.43149038461538464 0.5949519230769231 0.15625 0.19951923076923078
0 0.2800480769230769 0.6213942307692307 0.19951923076923078 0.1466346153846154
0 0.24278846153846154 0.06370192307692307 0.15384615384615385 0.12740384615384615
0 0.9014423076923077 0.6490384615384616 0.19230769230769232 0.17307692307692307
0 0.042067307692307696 0.6574519230769231 0.07932692307692307 0.21875
0 0.18269230769230768 0.6730769230769231 0.20192307692307693 0.16826923076923078
0 0.5300480769230769 0.6875 0.23317307692307693 0.19230769230769232
0 0.9543269230769231 0.7572115384615384 0.08653846153846154 0.24519230769230768
0 0.8016826923076923 0.7596153846153846 0.18028846153846154 0.21153846153846154
0 0.27283653846153844 0.8052884615384616 0.12740384615384615 0.18269230769230768
0 0.6875 0.8125 0.16826923076923078 0.1875
0 0.5276442307692307 0.8137019230769231 0.20432692307692307 0.18509615384615385
0 0.38100961538461536 0.875 0.13701923076923078 0.20192307692307693
0 0.6105769230769231 0.8786057692307693 0.1346153846153846 0.23798076923076922
0 0.7439903846153846 0.09014423076923077 0.12259615384615384 0.18028846153846154
0 0.06610576923076923 0.921875 0.13221153846153846 0.15144230769230768
0 0.9483173076923077 0.9735576923076923 0.0985576923076923 0.052884615384615384
0 0.5757211538461539 0.9735576923076923 0.1658653846153846 0.04807692307692308
0 0.19230769230769232 0.9807692307692307 0.11538461538461539 0.03365384615384615
0 0.6526442307692307 0.10336538461538461 0.12740384615384615 0.20673076923076922
0 0.3954326923076923 0.109375 0.1658653846153846 0.21875
0 0.015625 0.11538461538461539 0.026442307692307692 0.0673076923076923
0 0.9074519230769231 0.17908653846153846 0.18028846153846154 0.17067307692307693
0 0.27163461538461536 0.21634615384615385 0.1971153846153846 0.16346153846153846
0 0.12980769230769232 0.22596153846153846 0.1875 0.16346153846153846