0 0.17307692307692307 0.21995192307692307 0.18028846153846154 0.13221153846153846
0 0.44350961538461536 0.26322115384615385 0.1875 0.12620192307692307
0 0.9639423076923077 0.2668269230769231 0.06850961538461539 0.234375
0 0.3112980769230769 0.30649038461538464 0.17427884615384615 0.1622596153846154
0 0.013221153846153846 0.3269230769230769 0.026442307692307692 0.2091346153846154
0 0.8822115384615384 0.3329326923076923 0.18509615384615385 0.1658653846153846
0 0.6009615384615384 0.3449519230769231 0.17668269230769232 0.15865384615384615
0 0.7788461538461539 0.036057692307692304 0.09735576923076923 0.07211538461538461
0 0.09495192307692307 0.40024038461538464 0.18509615384615385 0.14783653846153846
0 0.5564903846153846 0.45072115384615385 0.19230769230769232 0.17427884615384615
0 0.8786057692307693 0.046875 0.12620192307692307 0.09254807692307693
0 0.8064903846153846 0.47115384615384615 0.16947115384615385 0.1875
0 0.40384615384615385 0.47716346153846156 0.14423076923076922 0.22355769230769232
0 0.3004807692307692 0.484375 0.1778846153846154 0.22355769230769232
0 0.203125 0.49759615384615385 0.11899038461538461 0.1875
0 0.47596153846153844 0.052884615384615384 0.13221153846153846 0.10576923076923077
0 0.09014423076923077 0.5204326923076923 0.18028846153846154 0.14783653846153846
0 0.6826923076923077 0.5288461538461539 0.19230769230769232 0.15504807692307693
0 0.9050480769230769 0.5504807692307693 0.17427884615384615 0.14783653846153846
0 0.5576923076923077 0.6358173076923077 0.19951923076923078 0.17067307692307693
0 0.8221153846153846 0.6514423076923077 0.1658653846153846 0.17908653846153846
0 0.2692307692307692 0.6838942307692307 0.16346153846153846 0.18269230769230768
0 0.6598557692307693 0.6875 0.14543269230769232 0.18269230769230768
0 0.9447115384615384 0.6899038461538461 0.10817307692307693 0.234375
0 0.04807692307692308 0.7043269230769231 0.09615384615384616 0.21153846153846154
0 0.390625 0.7055288461538461 0.17548076923076922 0.22956730769230768
0 0.2692307692307692 0.8137019230769231 0.1971153846153846 0.14783653846153846
0 0.7704326923076923 0.8245192307692307 0.1935096153846154 0.1346153846153846
0 0.042067307692307696 0.8677884615384616 0.08413461538461539 0.2403846153846154
0 0.5889423076923077 0.8677884615384616 0.11899038461538461 0.2620192307692308
0 0.13701923076923078 0.8762019230769231 0.1201923076923077 0.21033653846153846
0 0.25240384615384615 0.08774038461538461 0.10697115384615384 0.17548076923076922
0 0.3870192307692308 0.8846153846153846 0.11899038461538461 0.22716346153846154
0 0.9471153846153846 0.9290865384615384 0.1045673076923077 0.13822115384615385
0 0.8461538461538461 0.9507211538461539 0.16947115384615385 0.09495192307692307
0 0.34615384615384615 0.09975961538461539 0.11538461538461539 0.19951923076923078
0 0.15384615384615385 0.10096153846153846 0.10096153846153846 0.1778846153846154
0 0.7091346153846154 0.1045673076923077 0.10096153846153846 0.2091346153846154
0 0.5240384615384616 0.11177884615384616 0.12620192307692307 0.22235576923076922
0 0.6213942307692307 0.11298076923076923 0.11298076923076923 0.22596153846153846
0 0.8665865384615384 0.1658653846153846 0.13701923076923078 0.1466346153846154