0 0.04326923076923077 0.25721153846153844 0.08173076923076923 0.18269230769230768
0 0.5721153846153846 0.2860576923076923 0.18269230769230768 0.14903846153846154
0 0.8966346153846154 0.29927884615384615 0.20192307692307693 0.12259615384615384
0 0.7704326923076923 0.3449519230769231 0.15625 0.13701923076923078
0 0.5180288461538461 0.359375 0.15625 0.12740384615384615
0 0.3858173076923077 0.375 0.19471153846153846 0.15384615384615385
0 0.04326923076923077 0.3894230769230769 0.08173076923076923 0.1875
0 0.6658653846153846 0.39903846153846156 0.11057692307692307 0.21634615384615385
0 0.90625 0.4050480769230769 0.18269230769230768 0.13701923076923078
0 0.21754807692307693 0.45552884615384615 0.12740384615384615 0.20432692307692307
0 0.5805288461538461 0.46153846153846156 0.11778846153846154 0.21634615384615385
0 0.5084134615384616 0.5 0.12259615384615384 0.22115384615384615
0 0.36899038461538464 0.5048076923076923 0.19951923076923078 0.14423076923076922
0 0.9026442307692307 0.515625 0.18990384615384615 0.14182692307692307
0 0.7944711538461539 0.5204326923076923 0.11298076923076923 0.2283653846153846
0 0.6983173076923077 0.5216346153846154 0.12259615384615384 0.24519230769230768
0 0.5637019230769231 0.056490384615384616 0.12740384615384615 0.11298076923076923
0 0.09375 0.5673076923076923 0.18269230769230768 0.16826923076923078
0 0.42788461538461536 0.5901442307692307 0.1346153846153846 0.2091346153846154
0 0.28125 0.6129807692307693 0.16346153846153846 0.16346153846153846
0 0.9026442307692307 0.6454326923076923 0.18990384615384615 0.15144230769230768
0 0.24639423076923078 0.06610576923076923 0.1466346153846154 0.13221153846153846
0 0.13822115384615385 0.06610576923076923 0.16105769230769232 0.09375
0 0.18629807692307693 0.6706730769230769 0.16105769230769232 0.15865384615384615
0 0.5180288461538461 0.6838942307692307 0.2091346153846154 0.15625
0 0.042067307692307696 0.6875 0.07932692307692307 0.2548076923076923
0 0.9579326923076923 0.7704326923076923 0.07932692307692307 0.18990384615384615
0 0.7776442307692307 0.7692307692307693 0.20432692307692307 0.15865384615384615
0 0.5144230769230769 0.8100961538461539 0.18269230769230768 0.15865384615384615
0 0.2956730769230769 0.8149038461538461 0.14903846153846154 0.16826923076923078
0 0.6899038461538461 0.8161057692307693 0.15384615384615385 0.17548076923076922
0 0.6153846153846154 0.8713942307692307 0.1346153846153846 0.24278846153846154
0 0.3786057692307692 0.8713942307692307 0.11778846153846154 0.19471153846153846
0 0.17427884615384615 0.9194711538461539 0.10817307692307693 0.15625
0 0.055288461538461536 0.9471153846153846 0.11057692307692307 0.10096153846153846
0 0.7524038461538461 0.09975961538461539 0.12980769230769232 0.19471153846153846
0 0.6574519230769231 0.11057692307692307 0.11778846153846154 0.22115384615384615
0 0.3918269230769231 0.1141826923076923 0.15384615384615385 0.2283653846153846
0 0.0889423076923077 0.12740384615384615 0.17307692307692307 0.1346153846153846
0 0.27524038461538464 0.19471153846153846 0.18028846153846154 0.15384615384615385
0 0.7836538461538461 0.2283653846153846 0.1875 0.12980769230769232
0 0.12620192307692307 0.22956730769230768 0.18509615384615385 0.14182692307692307