0 0.04326923076923077 0.7427884615384616 0.08173076923076923 0.18269230769230768
0 0.5721153846153846 0.7139423076923077 0.18269230769230768 0.14903846153846154
0 0.8966346153846154 0.703125 0.20192307692307693 0.12259615384615384
0 0.7704326923076923 0.6550480769230769 0.15625 0.13701923076923078
0 0.5180288461538461 0.640625 0.15625 0.12740384615384615
0 0.3858173076923077 0.625 0.19471153846153846 0.15384615384615385
0 0.04326923076923077 0.6105769230769231 0.08173076923076923 0.1875
0 0.6658653846153846 0.6009615384615384 0.11057692307692307 0.21634615384615385
0 0.90625 0.5973557692307693 0.18269230769230768 0.13701923076923078
0 0.21754807692307693 0.5444711538461539 0.12740384615384615 0.20432692307692307
0 0.5805288461538461 0.5384615384615384 0.11778846153846154 0.21634615384615385
0 0.5084134615384616 0.5 0.12259615384615384 0.22115384615384615
0 0.36899038461538464 0.4951923076923077 0.19951923076923078 0.14423076923076922
0 0.9026442307692307 0.48677884615384615 0.18990384615384615 0.14182692307692307
0 0.7944711538461539 0.4795673076923077 0.11298076923076923 0.2283653846153846
0 0.6983173076923077 0.47836538461538464 0.12259615384615384 0.24519230769230768
0 0.5649038461538461 0.9423076923076923 0.12980769230769232 0.11057692307692307
0 0.09375 0.4326923076923077 0.18269230769230768 0.16826923076923078
0 0.42788461538461536 0.4098557692307692 0.1346153846153846 0.2091346153846154
0 0.28125 0.3870192307692308 0.16346153846153846 0.16346153846153846
0 0.9026442307692307 0.35697115384615385 0.18990384615384615 0.15144230769230768
0 0.24759615384615385 0.9326923076923077 0.14903846153846154 0.12980769230769232
0 0.13822115384615385 0.9338942307692307 0.16105769230769232 0.09375
0 0.18629807692307693 0.3293269230769231 0.16105769230769232 0.15865384615384615
0 0.5180288461538461 0.3161057692307692 0.2091346153846154 0.15625
0 0.042067307692307696 0.3125 0.07932692307692307 0.2548076923076923
0 0.9579326923076923 0.23197115384615385 0.07932692307692307 0.18990384615384615
0 0.7776442307692307 0.23076923076923078 0.20432692307692307 0.15865384615384615
0 0.5144230769230769 0.18990384615384615 0.18269230769230768 0.15865384615384615
0 0.2956730769230769 0.18509615384615385 0.14903846153846154 0.16826923076923078
0 0.6899038461538461 0.18389423076923078 0.15384615384615385 0.17548076923076922
0 0.6153846153846154 0.12860576923076922 0.1346153846153846 0.24278846153846154
0 0.3786057692307692 0.12860576923076922 0.11778846153846154 0.19471153846153846
0 0.17427884615384615 0.08052884615384616 0.10817307692307693 0.15625
0 0.055288461538461536 0.052884615384615384 0.11057692307692307 0.10096153846153846
0 0.7524038461538461 0.9002403846153846 0.12980769230769232 0.19471153846153846
0 0.6586538461538461 0.8882211538461539 0.1201923076923077 0.21875
0 0.39302884615384615 0.8846153846153846 0.15625 0.22596153846153846
0 0.0889423076923077 0.8725961538461539 0.17307692307692307 0.1346153846153846
0 0.27524038461538464 0.8052884615384616 0.18028846153846154 0.15384615384615385
0 0.7836538461538461 0.7716346153846154 0.1875 0.12980769230769232
0 0.12620192307692307 0.7704326923076923 0.18509615384615385 0.14182692307692307