0 0.3293269230769231 0.02283653846153846 0.14302884615384615 0.038461538461538464
0 0.17548076923076922 0.22355769230769232 0.19230769230769232 0.14182692307692307
0 0.9663461538461539 0.25240384615384615 0.055288461538461536 0.2091346153846154
0 0.46634615384615385 0.2548076923076923 0.17307692307692307 0.14302884615384615
0 0.7728365384615384 0.028846153846153848 0.11538461538461539 0.056490384615384616
0 0.3173076923076923 0.30649038461538464 0.19951923076923078 0.14783653846153846
0 0.8894230769230769 0.3245192307692308 0.1875 0.1466346153846154
0 0.6057692307692307 0.3389423076923077 0.19951923076923078 0.15745192307692307
0 0.08774038461538461 0.39783653846153844 0.17307692307692307 0.15144230769230768
0 0.9507211538461539 0.4014423076923077 0.09615384615384616 0.1346153846153846
0 0.5444711538461539 0.4338942307692308 0.21514423076923078 0.10216346153846154
0 0.8774038461538461 0.04567307692307692 0.12980769230769232 0.09134615384615384
0 0.7932692307692307 0.45072115384615385 0.15144230769230768 0.17067307692307693
0 0.41947115384615385 0.45913461538461536 0.1201923076923077 0.1971153846153846
0 0.27283653846153844 0.5096153846153846 0.16105769230769232 0.22956730769230768
0 0.5420673076923077 0.5144230769230769 0.19951923076923078 0.12980769230769232
0 0.9050480769230769 0.5192307692307693 0.1875 0.1502403846153846
0 0.6766826923076923 0.5240384615384616 0.14783653846153846 0.14423076923076922
0 0.09615384615384616 0.5252403846153846 0.19230769230769232 0.14302884615384615
0 0.47596153846153844 0.054086538461538464 0.125 0.10817307692307693
0 0.515625 0.6286057692307693 0.1778846153846154 0.19110576923076922
0 0.7692307692307693 0.6298076923076923 0.12860576923076922 0.17908653846153846
0 0.9038461538461539 0.6310096153846154 0.18870192307692307 0.12740384615384615
0 0.2536057692307692 0.6538461538461539 0.13822115384615385 0.19471153846153846
0 0.042067307692307696 0.06850961538461539 0.08413461538461539 0.13581730769230768
0 0.3894230769230769 0.6935096153846154 0.16466346153846154 0.20673076923076922
0 0.6730769230769231 0.6983173076923077 0.10576923076923077 0.203125
0 0.046875 0.7115384615384616 0.09375 0.24519230769230768
0 0.9579326923076923 0.7908653846153846 0.08052884615384616 0.18269230769230768
0 0.8353365384615384 0.8076923076923077 0.15865384615384615 0.15745192307692307
0 0.7223557692307693 0.8088942307692307 0.14783653846153846 0.18990384615384615
0 0.2668269230769231 0.8245192307692307 0.18509615384615385 0.15144230769230768
0 0.5961538461538461 0.8762019230769231 0.12379807692307693 0.22596153846153846
0 0.13822115384615385 0.8786057692307693 0.11298076923076923 0.21153846153846154
0 0.38461538461538464 0.8870192307692307 0.12139423076923077 0.22235576923076922
0 0.04326923076923077 0.9086538461538461 0.08653846153846154 0.1778846153846154
0 0.15144230769230768 0.09254807692307693 0.1045673076923077 0.14423076923076922
0 0.8197115384615384 0.9447115384615384 0.14783653846153846 0.10697115384615384
0 0.9435096153846154 0.9483173076923077 0.109375 0.09975961538461539
0 0.24879807692307693 0.0985576923076923 0.10216346153846154 0.1622596153846154
0 0.6274038461538461 0.10576923076923077 0.10697115384615384 0.21033653846153846
0 0.71875 0.10576923076923077 0.08052884615384616 0.21033653846153846
0 0.3449519230769231 0.10697115384615384 0.0985576923076923 0.1622596153846154
0 0.5264423076923077 0.1141826923076923 0.0985576923076923 0.22716346153846154
0 0.8701923076923077 0.1658653846153846 0.13341346153846154 0.12980769230769232