0 0.3293269230769231 0.9771634615384616 0.14302884615384615 0.038461538461538464
0 0.17548076923076922 0.7764423076923077 0.19230769230769232 0.14182692307692307
0 0.9663461538461539 0.7475961538461539 0.055288461538461536 0.2091346153846154
0 0.46634615384615385 0.7451923076923077 0.17307692307692307 0.14302884615384615
0 0.7728365384615384 0.9711538461538461 0.11538461538461539 0.056490384615384616
0 0.3173076923076923 0.6935096153846154 0.19951923076923078 0.14783653846153846
0 0.8894230769230769 0.6754807692307693 0.1875 0.1466346153846154
0 0.6057692307692307 0.6610576923076923 0.19951923076923078 0.15745192307692307
0 0.08774038461538461 0.6021634615384616 0.17307692307692307 0.15144230769230768
0 0.9507211538461539 0.5985576923076923 0.09615384615384616 0.1346153846153846
0 0.5444711538461539 0.5661057692307693 0.21514423076923078 0.10216346153846154
0 0.8786057692307693 0.953125 0.13221153846153846 0.0889423076923077
0 0.7932692307692307 0.5492788461538461 0.15144230769230768 0.17067307692307693
0 0.41947115384615385 0.5408653846153846 0.1201923076923077 0.1971153846153846
0 0.27283653846153844 0.49038461538461536 0.16105769230769232 0.22956730769230768
0 0.5420673076923077 0.4855769230769231 0.19951923076923078 0.12980769230769232
0 0.9050480769230769 0.4807692307692308 0.1875 0.1502403846153846
0 0.6766826923076923 0.47596153846153844 0.14783653846153846 0.14423076923076922
0 0.09615384615384616 0.47475961538461536 0.19230769230769232 0.14302884615384615
0 0.47716346153846156 0.9447115384615384 0.12740384615384615 0.10576923076923077
0 0.515625 0.3713942307692308 0.1778846153846154 0.19110576923076922
0 0.7692307692307693 0.3701923076923077 0.12860576923076922 0.17908653846153846
0 0.9038461538461539 0.36899038461538464 0.18870192307692307 0.12740384615384615
0 0.2536057692307692 0.34615384615384615 0.13822115384615385 0.19471153846153846
0 0.042067307692307696 0.9314903846153846 0.08413461538461539 0.13581730769230768
0 0.3894230769230769 0.30649038461538464 0.16466346153846154 0.20673076923076922
0 0.6730769230769231 0.3016826923076923 0.10576923076923077 0.203125
0 0.046875 0.28846153846153844 0.09375 0.24519230769230768
0 0.9579326923076923 0.2091346153846154 0.08052884615384616 0.18269230769230768
0 0.8353365384615384 0.19230769230769232 0.15865384615384615 0.15745192307692307
0 0.7223557692307693 0.19110576923076922 0.14783653846153846 0.18990384615384615
0 0.2668269230769231 0.17548076923076922 0.18509615384615385 0.15144230769230768
0 0.5961538461538461 0.12379807692307693 0.12379807692307693 0.22596153846153846
0 0.13822115384615385 0.12139423076923077 0.11298076923076923 0.21153846153846154
0 0.38461538461538464 0.11298076923076923 0.12139423076923077 0.22235576923076922
0 0.04326923076923077 0.09134615384615384 0.08653846153846154 0.1778846153846154
0 0.15144230769230768 0.9074519230769231 0.1045673076923077 0.14423076923076922
0 0.8197115384615384 0.055288461538461536 0.14783653846153846 0.10697115384615384
0 0.9435096153846154 0.051682692307692304 0.109375 0.09975961538461539
0 0.24879807692307693 0.9014423076923077 0.10216346153846154 0.1622596153846154
0 0.6274038461538461 0.8942307692307693 0.10697115384615384 0.21033653846153846
0 0.71875 0.8942307692307693 0.08052884615384616 0.21033653846153846
0 0.3449519230769231 0.8930288461538461 0.0985576923076923 0.1622596153846154
0 0.5264423076923077 0.8858173076923077 0.0985576923076923 0.22716346153846154
0 0.8701923076923077 0.8341346153846154 0.13341346153846154 0.12980769230769232