0 0.43990384615384615 0.7668269230769231 0.13341346153846154 0.20552884615384615
0 0.17307692307692307 0.7632211538461539 0.19471153846153846 0.13221153846153846
0 0.96875 0.7427884615384616 0.05889423076923077 0.22355769230769232
0 0.7752403846153846 0.96875 0.11298076923076923 0.057692307692307696
0 0.5612980769230769 0.7055288461538461 0.171875 0.15985576923076922
0 0.3293269230769231 0.6971153846153846 0.19471153846153846 0.13581730769230768
0 0.6971153846153846 0.6838942307692307 0.14903846153846154 0.1814903846153846
0 0.8822115384615384 0.671875 0.1814903846153846 0.14783653846153846
0 0.09254807692307693 0.6081730769230769 0.16947115384615385 0.1310096153846154
0 0.5264423076923077 0.5745192307692307 0.19591346153846154 0.13942307692307693
0 0.7163461538461539 0.5685096153846154 0.11778846153846154 0.15865384615384615
0 0.41346153846153844 0.5396634615384616 0.11899038461538461 0.22716346153846154
0 0.8725961538461539 0.9507211538461539 0.12980769230769232 0.09375
0 0.2848557692307692 0.5132211538461539 0.17427884615384615 0.19471153846153846
0 0.4807692307692308 0.9471153846153846 0.14903846153846154 0.10096153846153846
0 0.7283653846153846 0.4699519230769231 0.1814903846153846 0.15384615384615385
0 0.09375 0.4651442307692308 0.1875 0.15745192307692307
0 0.5588942307692307 0.4579326923076923 0.1814903846153846 0.1466346153846154
0 0.9086538461538461 0.3701923076923077 0.17427884615384615 0.13221153846153846
0 0.25961538461538464 0.3329326923076923 0.12620192307692307 0.18269230769230768
0 0.3870192307692308 0.3125 0.15384615384615385 0.21514423076923078
0 0.6021634615384616 0.2980769230769231 0.10697115384615384 0.21033653846153846
0 0.6947115384615384 0.2920673076923077 0.1045673076923077 0.21875
0 0.046875 0.2668269230769231 0.09375 0.2091346153846154
0 0.7752403846153846 0.26322115384615385 0.10096153846153846 0.20673076923076922
0 0.4963942307692308 0.22355769230769232 0.1045673076923077 0.22596153846153846
0 0.9711538461538461 0.21153846153846154 0.054086538461538464 0.17067307692307693
0 0.8725961538461539 0.1875 0.12740384615384615 0.2091346153846154
0 0.27403846153846156 0.1814903846153846 0.171875 0.16706730769230768
0 0.7103365384615384 0.1310096153846154 0.11177884615384616 0.20673076923076922
0 0.13942307692307693 0.12379807692307693 0.11538461538461539 0.21153846153846154
0 0.04807692307692308 0.9110576923076923 0.09615384615384616 0.17307692307692307
0 0.5901442307692307 0.1201923076923077 0.12139423076923077 0.21394230769230768
0 0.027644230769230768 0.11778846153846154 0.055288461538461536 0.20552884615384615
0 0.38461538461538464 0.11057692307692307 0.11538461538461539 0.20673076923076922
0 0.9459134615384616 0.05889423076923077 0.10216346153846154 0.11538461538461539
0 0.24879807692307693 0.9050480769230769 0.09975961538461539 0.17548076923076922
0 0.8329326923076923 0.04927884615384615 0.1310096153846154 0.09495192307692307
0 0.1502403846153846 0.8990384615384616 0.10096153846153846 0.16346153846153846
0 0.7223557692307693 0.8954326923076923 0.08774038461538461 0.19471153846153846
0 0.6262019230769231 0.890625 0.09735576923076923 0.21514423076923078
0 0.34375 0.8894230769230769 0.10096153846153846 0.18990384615384615
0 0.5288461538461539 0.8858173076923077 0.10096153846153846 0.22355769230769232
0 0.8725961538461539 0.8305288461538461 0.13701923076923078 0.13942307692307693