0 0.5769230769230769 0.2548076923076923 0.13942307692307693 0.19110576923076922
0 0.03245192307692308 0.2608173076923077 0.0625 0.22355769230769232
0 0.8052884615384616 0.27884615384615385 0.171875 0.13822115384615385
0 0.6694711538461539 0.30649038461538464 0.18509615384615385 0.1346153846153846
0 0.4411057692307692 0.30649038461538464 0.16706730769230768 0.14182692307692307
0 0.22596153846153846 0.03125 0.12379807692307693 0.0625
0 0.28966346153846156 0.31009615384615385 0.1201923076923077 0.203125
0 0.11778846153846154 0.328125 0.1778846153846154 0.15384615384615385
0 0.9134615384615384 0.39903846153846156 0.16826923076923078 0.13942307692307693
0 0.4855769230769231 0.4206730769230769 0.171875 0.13822115384615385
0 0.38100961538461536 0.44591346153846156 0.11899038461538461 0.15985576923076922
0 0.5817307692307693 0.44711538461538464 0.11778846153846154 0.21514423076923078
0 0.028846153846153848 0.45913461538461536 0.054086538461538464 0.13942307692307693
0 0.125 0.04807692307692308 0.1201923076923077 0.09615384615384616
0 0.7115384615384616 0.49158653846153844 0.16947115384615385 0.19951923076923078
0 0.234375 0.5168269230769231 0.18629807692307693 0.15144230769230768
0 0.9098557692307693 0.5300480769230769 0.17548076923076922 0.1466346153846154
0 0.5216346153846154 0.056490384615384616 0.11658653846153846 0.11177884615384616
0 0.3449519230769231 0.5661057692307693 0.21754807692307693 0.13581730769230768
0 0.0985576923076923 0.6177884615384616 0.17548076923076922 0.14423076923076922
0 0.7295673076923077 0.6418269230769231 0.13822115384615385 0.1935096153846154
0 0.6274038461538461 0.6947115384615384 0.1622596153846154 0.21033653846153846
0 0.9591346153846154 0.7067307692307693 0.07692307692307693 0.1971153846153846
0 0.3954326923076923 0.7103365384615384 0.10576923076923077 0.21754807692307693
0 0.3125 0.7115384615384616 0.08653846153846154 0.18629807692307693
0 0.22716346153846154 0.7668269230769231 0.11298076923076923 0.23317307692307693
0 0.5072115384615384 0.7824519230769231 0.11899038461538461 0.24158653846153846
0 0.028846153846153848 0.7884615384615384 0.054086538461538464 0.15865384615384615
0 0.15144230769230768 0.7908653846153846 0.11778846153846154 0.1814903846153846
0 0.7151442307692307 0.8209134615384616 0.18509615384615385 0.15144230769230768
0 0.8918269230769231 0.859375 0.21153846153846154 0.15625
0 0.2848557692307692 0.8725961538461539 0.10817307692307693 0.21033653846153846
0 0.4098557692307692 0.8737980769230769 0.10817307692307693 0.22235576923076922
0 0.6153846153846154 0.8882211538461539 0.12139423076923077 0.22115384615384615
0 0.054086538461538464 0.9362980769230769 0.10576923076923077 0.12379807692307693
0 0.16826923076923078 0.9555288461538461 0.14423076923076922 0.08653846153846154
0 0.9771634615384616 0.9579326923076923 0.04447115384615385 0.08052884615384616
0 0.7475961538461539 0.09735576923076923 0.09134615384615384 0.19471153846153846
0 0.9098557692307693 0.9747596153846154 0.11538461538461539 0.036057692307692304
0 0.2848557692307692 0.10697115384615384 0.0985576923076923 0.21394230769230768
0 0.6550480769230769 0.11177884615384616 0.09735576923076923 0.21514423076923078
0 0.3762019230769231 0.11298076923076923 0.10817307692307693 0.22596153846153846
0 0.4735576923076923 0.1141826923076923 0.0985576923076923 0.22716346153846154
0 0.9807692307692307 0.1346153846153846 0.03365384615384615 0.14423076923076922
0 0.8401442307692307 0.15264423076923078 0.10697115384615384 0.22956730769230768
0 0.1346153846153846 0.1658653846153846 0.14302884615384615 0.15384615384615385