0 0.4230769230769231 0.7451923076923077 0.13942307692307693 0.19110576923076922
0 0.9675480769230769 0.7391826923076923 0.0625 0.22355769230769232
0 0.19471153846153846 0.7211538461538461 0.171875 0.13822115384615385
0 0.33052884615384615 0.6935096153846154 0.18509615384615385 0.1346153846153846
0 0.5588942307692307 0.6935096153846154 0.16706730769230768 0.14182692307692307
0 0.7740384615384616 0.9675480769230769 0.125 0.06009615384615385
0 0.7103365384615384 0.6899038461538461 0.1201923076923077 0.203125
0 0.8822115384615384 0.671875 0.1778846153846154 0.15384615384615385
0 0.08533653846153846 0.6021634615384616 0.17067307692307693 0.13701923076923078
0 0.5144230769230769 0.5793269230769231 0.171875 0.13822115384615385
0 0.6189903846153846 0.5540865384615384 0.11899038461538461 0.15985576923076922
0 0.4182692307692308 0.5528846153846154 0.11778846153846154 0.21514423076923078
0 0.9711538461538461 0.5408653846153846 0.054086538461538464 0.13942307692307693
0 0.8762019230769231 0.9507211538461539 0.12259615384615384 0.09375
0 0.28846153846153844 0.5084134615384616 0.16947115384615385 0.19951923076923078
0 0.765625 0.4831730769230769 0.18629807692307693 0.15144230769230768
0 0.0889423076923077 0.47115384615384615 0.1778846153846154 0.14423076923076922
0 0.47836538461538464 0.9435096153846154 0.11658653846153846 0.11177884615384616
0 0.6550480769230769 0.4338942307692308 0.21754807692307693 0.13581730769230768
0 0.9014423076923077 0.38221153846153844 0.17548076923076922 0.14423076923076922
0 0.2704326923076923 0.3581730769230769 0.13822115384615385 0.1935096153846154
0 0.37259615384615385 0.30528846153846156 0.1622596153846154 0.21033653846153846
0 0.039663461538461536 0.2932692307692308 0.07932692307692307 0.1935096153846154
0 0.6045673076923077 0.28966346153846156 0.10576923076923077 0.21754807692307693
0 0.6875 0.28846153846153844 0.08653846153846154 0.18629807692307693
0 0.7728365384615384 0.23317307692307693 0.11298076923076923 0.23317307692307693
0 0.49278846153846156 0.21754807692307693 0.11899038461538461 0.24158653846153846
0 0.9711538461538461 0.21153846153846154 0.054086538461538464 0.15865384615384615
0 0.8485576923076923 0.2091346153846154 0.11778846153846154 0.1814903846153846
0 0.2848557692307692 0.17908653846153846 0.18509615384615385 0.15144230769230768
0 0.10697115384615384 0.14182692307692307 0.21394230769230768 0.15384615384615385
0 0.7151442307692307 0.12740384615384615 0.10817307692307693 0.21033653846153846
0 0.5901442307692307 0.12620192307692307 0.10817307692307693 0.22235576923076922
0 0.38461538461538464 0.11177884615384616 0.12139423076923077 0.22115384615384615
0 0.9459134615384616 0.06370192307692307 0.10576923076923077 0.12379807692307693
0 0.8317307692307693 0.04447115384615385 0.14423076923076922 0.08653846153846154
0 0.02283653846153846 0.042067307692307696 0.04447115384615385 0.08052884615384616
0 0.2536057692307692 0.9014423076923077 0.09375 0.19230769230769232
0 0.09014423076923077 0.025240384615384616 0.11538461538461539 0.036057692307692304
0 0.7163461538461539 0.8918269230769231 0.10096153846153846 0.21153846153846154
0 0.3449519230769231 0.8882211538461539 0.09735576923076923 0.21514423076923078
0 0.625 0.8858173076923077 0.11057692307692307 0.22355769230769232
0 0.5264423076923077 0.8858173076923077 0.0985576923076923 0.22716346153846154
0 0.018028846153846152 0.8653846153846154 0.036057692307692304 0.14182692307692307
0 0.15985576923076922 0.8473557692307693 0.10697115384615384 0.22956730769230768
0 0.8653846153846154 0.8341346153846154 0.14302884615384615 0.15384615384615385