0 0.10697115384615384 0.1875 0.19110576923076922 0.13581730769230768
0 0.2512019230769231 0.234375 0.20192307692307693 0.12740384615384615
0 0.41947115384615385 0.24759615384615385 0.15264423076923078 0.16346153846153846
0 0.9663461538461539 0.2536057692307692 0.06490384615384616 0.22355769230769232
0 0.33533653846153844 0.3016826923076923 0.1875 0.14182692307692307
0 0.7079326923076923 0.3088942307692308 0.12860576923076922 0.19831730769230768
0 0.7860576923076923 0.03125 0.07451923076923077 0.0625
0 0.5733173076923077 0.3125 0.18870192307692307 0.16947115384615385
0 0.8822115384615384 0.32091346153846156 0.1814903846153846 0.14423076923076922
0 0.08653846153846154 0.4014423076923077 0.14903846153846154 0.14423076923076922
0 0.5072115384615384 0.40865384615384615 0.15625 0.19951923076923078
0 0.6286057692307693 0.42908653846153844 0.17668269230769232 0.13822115384615385
0 0.9591346153846154 0.44350961538461536 0.078125 0.14182692307692307
0 0.41225961538461536 0.4735576923076923 0.11658653846153846 0.2091346153846154
0 0.8737980769230769 0.04807692307692308 0.12259615384615384 0.09615384615384616
0 0.2704326923076923 0.4987980769230769 0.15144230769230768 0.21875
0 0.5 0.05048076923076923 0.11899038461538461 0.09975961538461539
0 0.7884615384615384 0.5168269230769231 0.18509615384615385 0.15745192307692307
0 0.09375 0.5228365384615384 0.18028846153846154 0.1466346153846154
0 0.5612980769230769 0.5913461538461539 0.19230769230769232 0.14423076923076922
0 0.9038461538461539 0.6262019230769231 0.1658653846153846 0.17067307692307693
0 0.25961538461538464 0.6442307692307693 0.12980769230769232 0.19831730769230768
0 0.7127403846153846 0.6778846153846154 0.1045673076923077 0.1971153846153846
0 0.38341346153846156 0.6935096153846154 0.15625 0.20552884615384615
0 0.042067307692307696 0.6971153846153846 0.0829326923076923 0.24278846153846154
0 0.6009615384615384 0.7235576923076923 0.12379807692307693 0.17548076923076922
0 0.4879807692307692 0.7764423076923077 0.12139423076923077 0.22235576923076922
0 0.7776442307692307 0.7824519230769231 0.09014423076923077 0.22355769230769232
0 0.9699519230769231 0.7944711538461539 0.057692307692307696 0.1622596153846154
0 0.8425480769230769 0.796875 0.11778846153846154 0.18629807692307693
0 0.26802884615384615 0.8221153846153846 0.20552884615384615 0.15865384615384615
0 0.7139423076923077 0.8461538461538461 0.1201923076923077 0.23798076923076922
0 0.5901442307692307 0.8786057692307693 0.109375 0.23918269230769232
0 0.38461538461538464 0.8882211538461539 0.12139423076923077 0.22115384615384615
0 0.9483173076923077 0.9471153846153846 0.09975961538461539 0.10336538461538461
0 0.8341346153846154 0.9555288461538461 0.12860576923076922 0.08653846153846154
0 0.03245192307692308 0.9675480769230769 0.0625 0.06009615384615385
0 0.24879807692307693 0.09975961538461539 0.10817307692307693 0.19951923076923078
0 0.34615384615384615 0.10216346153846154 0.09735576923076923 0.203125
0 0.7163461538461539 0.1045673076923077 0.07692307692307693 0.2091346153846154
0 0.5228365384615384 0.11177884615384616 0.09975961538461539 0.22235576923076922
0 0.6262019230769231 0.11177884615384616 0.09615384615384616 0.22235576923076922
0 0.8689903846153846 0.17067307692307693 0.14543269230769232 0.14783653846153846
0 0.8677884615384616 0.171875 0.1346153846153846 0.1466346153846154