0 0.8930288461538461 0.8125 0.19110576923076922 0.13581730769230768
0 0.7487980769230769 0.765625 0.20192307692307693 0.12740384615384615
0 0.5805288461538461 0.7524038461538461 0.15264423076923078 0.16346153846153846
0 0.03365384615384615 0.7463942307692307 0.06490384615384616 0.22355769230769232
0 0.6646634615384616 0.6983173076923077 0.1875 0.14182692307692307
0 0.2920673076923077 0.6911057692307693 0.12860576923076922 0.19831730769230768
0 0.21394230769230768 0.9675480769230769 0.07692307692307693 0.06009615384615385
0 0.4266826923076923 0.6875 0.18870192307692307 0.16947115384615385
0 0.11778846153846154 0.6790865384615384 0.1814903846153846 0.14423076923076922
0 0.9134615384615384 0.5985576923076923 0.14903846153846154 0.14423076923076922
0 0.49278846153846156 0.5913461538461539 0.15625 0.19951923076923078
0 0.3713942307692308 0.5709134615384616 0.17668269230769232 0.13822115384615385
0 0.040865384615384616 0.5564903846153846 0.078125 0.14182692307692307
0 0.5877403846153846 0.5264423076923077 0.11658653846153846 0.2091346153846154
0 0.12740384615384615 0.9507211538461539 0.125 0.09375
0 0.7295673076923077 0.5012019230769231 0.15144230769230768 0.21875
0 0.5 0.9495192307692307 0.11899038461538461 0.09975961538461539
0 0.21153846153846154 0.4831730769230769 0.18509615384615385 0.15745192307692307
0 0.90625 0.47716346153846156 0.18028846153846154 0.1466346153846154
0 0.4387019230769231 0.40865384615384615 0.19230769230769232 0.14423076923076922
0 0.09615384615384616 0.3737980769230769 0.1658653846153846 0.17067307692307693
0 0.7403846153846154 0.3557692307692308 0.12980769230769232 0.19831730769230768
0 0.28725961538461536 0.32211538461538464 0.1045673076923077 0.1971153846153846
0 0.6165865384615384 0.30649038461538464 0.15625 0.20552884615384615
0 0.9579326923076923 0.30288461538461536 0.0829326923076923 0.24278846153846154
0 0.39903846153846156 0.2764423076923077 0.12379807692307693 0.17548076923076922
0 0.5120192307692307 0.22355769230769232 0.12139423076923077 0.22235576923076922
0 0.22235576923076922 0.21754807692307693 0.09014423076923077 0.22355769230769232
0 0.030048076923076924 0.20552884615384615 0.057692307692307696 0.1622596153846154
0 0.15745192307692307 0.203125 0.11778846153846154 0.18629807692307693
0 0.7319711538461539 0.1778846153846154 0.20552884615384615 0.15865384615384615
0 0.2860576923076923 0.15384615384615385 0.1201923076923077 0.23798076923076922
0 0.4098557692307692 0.12139423076923077 0.109375 0.23918269230769232
0 0.6153846153846154 0.11177884615384616 0.12139423076923077 0.22115384615384615
0 0.051682692307692304 0.052884615384615384 0.09975961538461539 0.10336538461538461
0 0.1658653846153846 0.04447115384615385 0.12860576923076922 0.08653846153846154
0 0.9675480769230769 0.03245192307692308 0.0625 0.06009615384615385
0 0.7524038461538461 0.8990384615384616 0.11057692307692307 0.1971153846153846
0 0.6538461538461539 0.8978365384615384 0.09735576923076923 0.203125
0 0.2848557692307692 0.8942307692307693 0.07932692307692307 0.20673076923076922
0 0.47716346153846156 0.8882211538461539 0.09975961538461539 0.22235576923076922
0 0.3737980769230769 0.8882211538461539 0.09615384615384616 0.22235576923076922
0 0.1310096153846154 0.8293269230769231 0.14543269230769232 0.14783653846153846
0 0.13221153846153846 0.828125 0.1346153846153846 0.1466346153846154