0 0.8894230769230769 0.8221153846153846 0.15865384615384615 0.16346153846153846
0 0.9831730769230769 0.8497596153846154 0.028846153846153848 0.16105769230769232
0 0.9146634615384616 0.6009615384615384 0.16105769230769232 0.13581730769230768
0 0.9110576923076923 0.4735576923076923 0.17668269230769232 0.14423076923076922
0 0.9567307692307693 0.28725961538461536 0.08173076923076923 0.22355769230769232
0 0.9603365384615384 0.026442307692307692 0.078125 0.04326923076923077
0 0.7235576923076923 0.18389423076923078 0.17668269230769232 0.1502403846153846
0 0.7451923076923077 0.35216346153846156 0.12139423076923077 0.19110576923076922
0 0.7103365384615384 0.5072115384615384 0.16466346153846154 0.16346153846153846
0 0.7872596153846154 0.6262019230769231 0.10697115384615384 0.21754807692307693
0 0.7572115384615384 0.90625 0.09735576923076923 0.15985576923076922
0 0.6550480769230769 0.9026442307692307 0.10697115384615384 0.17067307692307693
0 0.8401442307692307 0.9807692307692307 0.08413461538461539 0.03365384615384615
0 0.9879807692307693 0.9723557692307693 0.019230769230769232 0.05048076923076923
0 0.6766826923076923 0.6959134615384616 0.20673076923076922 0.16706730769230768
0 0.5841346153846154 0.7512019230769231 0.1502403846153846 0.16346153846153846
0 0.47475961538461536 0.8882211538461539 0.10697115384615384 0.22235576923076922
0 0.37740384615384615 0.8894230769230769 0.10096153846153846 0.20673076923076922
0 0.28966346153846156 0.8918269230769231 0.09134615384615384 0.19951923076923078
0 0.3581730769230769 0.9867788461538461 0.11057692307692307 0.021634615384615384
0 0.47596153846153844 0.9711538461538461 0.12980769230769232 0.052884615384615384
0 0.12980769230769232 0.9471153846153846 0.125 0.10096153846153846
0 0.21634615384615385 0.9711538461538461 0.09735576923076923 0.056490384615384616
0 0.13341346153846154 0.8293269230769231 0.12980769230769232 0.14423076923076922
0 0.4362980769230769 0.6899038461538461 0.18028846153846154 0.15865384615384615
0 0.29447115384615385 0.6923076923076923 0.1201923076923077 0.18389423076923078
0 0.11778846153846154 0.671875 0.18389423076923078 0.15504807692307693
0 0.03485576923076923 0.7439903846153846 0.0673076923076923 0.21875
0 0.5889423076923077 0.5444711538461539 0.11778846153846154 0.23798076923076922
0 0.4807692307692308 0.5901442307692307 0.1346153846153846 0.16346153846153846
0 0.46875 0.41466346153846156 0.18028846153846154 0.19831730769230768
0 0.34134615384615385 0.5805288461538461 0.12620192307692307 0.15985576923076922
0 0.22115384615384615 0.49158653846153844 0.19230769230769232 0.15144230769230768
0 0.1045673076923077 0.3786057692307692 0.14543269230769232 0.14302884615384615
0 0.6225961538461539 0.31490384615384615 0.14903846153846154 0.1875
0 0.6778846153846154 0.9807692307692307 0.10096153846153846 0.03365384615384615
0 0.6201923076923077 0.1141826923076923 0.12139423076923077 0.22596153846153846
0 0.5120192307692307 0.22115384615384615 0.109375 0.21394230769230768
0 0.40024038461538464 0.31009615384615385 0.11177884615384616 0.22716346153846154
0 0.32572115384615385 0.3858173076923077 0.13221153846153846 0.16947115384615385
0 0.4110576923076923 0.1201923076923077 0.09975961538461539 0.22355769230769232
0 0.28966346153846156 0.13701923076923078 0.11778846153846154 0.22235576923076922
0 0.16105769230769232 0.2091346153846154 0.11778846153846154 0.17427884615384615
0 0.171875 0.042067307692307696 0.140625 0.08052884615384616
0 0.054086538461538464 0.055288461538461536 0.10216346153846154 0.10697115384615384
0 0.03365384615384615 0.21514423076923078 0.06370192307692307 0.15985576923076922
0 0.037259615384615384 0.5492788461538461 0.07211538461538461 0.13581730769230768
0 0.24278846153846154 0.23677884615384615 0.11899038461538461 0.21754807692307693