0 0.11057692307692307 0.1778846153846154 0.15865384615384615 0.16346153846153846
0 0.015625 0.1502403846153846 0.03125 0.15865384615384615
0 0.08533653846153846 0.39903846153846156 0.16105769230769232 0.13581730769230768
0 0.0889423076923077 0.5264423076923077 0.17668269230769232 0.14423076923076922
0 0.042067307692307696 0.7139423076923077 0.08413461538461539 0.22115384615384615
0 0.039663461538461536 0.9735576923076923 0.078125 0.04326923076923077
0 0.2764423076923077 0.8161057692307693 0.17668269230769232 0.1502403846153846
0 0.2548076923076923 0.6478365384615384 0.12139423076923077 0.19110576923076922
0 0.28966346153846156 0.49278846153846156 0.16466346153846154 0.16346153846153846
0 0.2127403846153846 0.3737980769230769 0.10697115384615384 0.21754807692307693
0 0.24278846153846154 0.09375 0.09735576923076923 0.15985576923076922
0 0.3449519230769231 0.09735576923076923 0.10697115384615384 0.17067307692307693
0 0.16105769230769232 0.018028846153846152 0.08173076923076923 0.036057692307692304
0 0.010817307692307692 0.026442307692307692 0.021634615384615384 0.052884615384615384
0 0.3233173076923077 0.30408653846153844 0.20673076923076922 0.16706730769230768
0 0.41586538461538464 0.24879807692307693 0.1502403846153846 0.16346153846153846
0 0.5252403846153846 0.11177884615384616 0.10697115384615384 0.22235576923076922
0 0.6225961538461539 0.11057692307692307 0.10096153846153846 0.20673076923076922
0 0.7103365384615384 0.10817307692307693 0.09134615384615384 0.19951923076923078
0 0.6430288461538461 0.01201923076923077 0.10817307692307693 0.02403846153846154
0 0.5240384615384616 0.027644230769230768 0.12740384615384615 0.055288461538461536
0 0.8701923076923077 0.051682692307692304 0.12259615384615384 0.10336538461538461
0 0.7836538461538461 0.028846153846153848 0.09735576923076923 0.056490384615384616
0 0.8665865384615384 0.17067307692307693 0.12980769230769232 0.14423076923076922
0 0.5637019230769231 0.31009615384615385 0.18028846153846154 0.15865384615384615
0 0.7055288461538461 0.3076923076923077 0.1201923076923077 0.18389423076923078
0 0.8822115384615384 0.328125 0.18389423076923078 0.15504807692307693
0 0.9651442307692307 0.25600961538461536 0.0673076923076923 0.21875
0 0.4110576923076923 0.45552884615384615 0.11778846153846154 0.23798076923076922
0 0.5192307692307693 0.4098557692307692 0.1346153846153846 0.16346153846153846
0 0.53125 0.5853365384615384 0.18028846153846154 0.19831730769230768
0 0.6586538461538461 0.41947115384615385 0.12620192307692307 0.15985576923076922
0 0.7788461538461539 0.5084134615384616 0.19230769230769232 0.15144230769230768
0 0.8954326923076923 0.6213942307692307 0.14543269230769232 0.14302884615384615
0 0.37740384615384615 0.6850961538461539 0.14903846153846154 0.1875
0 0.32211538461538464 0.018028846153846152 0.09975961538461539 0.036057692307692304
0 0.3798076923076923 0.8858173076923077 0.12139423076923077 0.22596153846153846
0 0.4879807692307692 0.7788461538461539 0.109375 0.21394230769230768
0 0.5997596153846154 0.6899038461538461 0.11177884615384616 0.22716346153846154
0 0.6742788461538461 0.6141826923076923 0.13221153846153846 0.16947115384615385
0 0.5889423076923077 0.8798076923076923 0.09975961538461539 0.22355769230769232
0 0.7103365384615384 0.8629807692307693 0.11778846153846154 0.22235576923076922
0 0.8389423076923077 0.7908653846153846 0.11778846153846154 0.17427884615384615
0 0.828125 0.9579326923076923 0.140625 0.08052884615384616
0 0.9459134615384616 0.9447115384615384 0.10216346153846154 0.10697115384615384
0 0.9663461538461539 0.7848557692307693 0.06370192307692307 0.15985576923076922
0 0.9627403846153846 0.45072115384615385 0.07211538461538461 0.13581730769230768
0 0.7572115384615384 0.7632211538461539 0.11899038461538461 0.21754807692307693