0 0.8930288461538461 0.19471153846153846 0.1658653846153846 0.1310096153846154
0 0.9375 0.08173076923076923 0.1201923076923077 0.14903846153846154
0 0.8521634615384616 0.055288461538461536 0.14543269230769232 0.11057692307692307
0 0.7572115384615384 0.09134615384615384 0.10096153846153846 0.18269230769230768
0 0.65625 0.10336538461538461 0.10817307692307693 0.17908653846153846
0 0.9182692307692307 0.4026442307692308 0.15264423076923078 0.14302884615384615
0 0.9110576923076923 0.5324519230769231 0.1658653846153846 0.14182692307692307
0 0.90625 0.6694711538461539 0.18629807692307693 0.14423076923076922
0 0.9567307692307693 0.7692307692307693 0.08173076923076923 0.1346153846153846
0 0.9495192307692307 0.9206730769230769 0.09615384615384616 0.15384615384615385
0 0.8028846153846154 0.9627403846153846 0.12740384615384615 0.07091346153846154
0 0.7415865384615384 0.8161057692307693 0.20552884615384615 0.15144230769230768
0 0.7451923076923077 0.6598557692307693 0.1310096153846154 0.18629807692307693
0 0.7680288461538461 0.5120192307692307 0.16466346153846154 0.15865384615384615
0 0.6850961538461539 0.30288461538461536 0.1778846153846154 0.15504807692307693
0 0.5829326923076923 0.24158653846153846 0.11298076923076923 0.1658653846153846
0 0.5685096153846154 0.04326923076923077 0.10697115384615384 0.08653846153846154
0 0.6790865384615384 0.026442307692307692 0.109375 0.052884615384615384
0 0.6310096153846154 0.5576923076923077 0.16466346153846154 0.19110576923076922
0 0.5949519230769231 0.4074519230769231 0.12620192307692307 0.18269230769230768
0 0.46274038461538464 0.421875 0.12740384615384615 0.1875
0 0.4651442307692308 0.5973557692307693 0.1935096153846154 0.1466346153846154
0 0.6201923076923077 0.8858173076923077 0.1201923076923077 0.21514423076923078
0 0.6814903846153846 0.9819711538461539 0.07932692307692307 0.03245192307692308
0 0.4098557692307692 0.8798076923076923 0.109375 0.22355769230769232
0 0.5132211538461539 0.7776442307692307 0.11899038461538461 0.21033653846153846
0 0.40625 0.7524038461538461 0.11057692307692307 0.16346153846153846
0 0.2848557692307692 0.8557692307692307 0.12860576923076922 0.22956730769230768
0 0.2536057692307692 0.7704326923076923 0.12980769230769232 0.22355769230769232
0 0.31490384615384615 0.6370192307692307 0.13822115384615385 0.20192307692307693
0 0.42908653846153844 0.30649038461538464 0.19591346153846154 0.14182692307692307
0 0.41346153846153844 0.22716346153846154 0.17067307692307693 0.12740384615384615
0 0.47836538461538464 0.10817307692307693 0.10216346153846154 0.21394230769230768
0 0.3798076923076923 0.09615384615384616 0.09615384615384616 0.1778846153846154
0 0.28725961538461536 0.10817307692307693 0.0889423076923077 0.18389423076923078
0 0.21514423076923078 0.030048076923076924 0.10817307692307693 0.06009615384615385
0 0.12980769230769232 0.04807692307692308 0.12620192307692307 0.09615384615384616
0 0.13221153846153846 0.15625 0.14423076923076922 0.16706730769230768
0 0.11899038461538461 0.33413461538461536 0.1814903846153846 0.16346153846153846
0 0.037259615384615384 0.2548076923076923 0.0733173076923077 0.22716346153846154
0 0.038461538461538464 0.4519230769230769 0.07451923076923077 0.1346153846153846
0 0.34134615384615385 0.4375 0.15625 0.15745192307692307
0 0.203125 0.5108173076923077 0.17548076923076922 0.15865384615384615
0 0.10096153846153846 0.6274038461538461 0.15985576923076922 0.14182692307692307
0 0.1622596153846154 0.7908653846153846 0.12620192307692307 0.171875
0 0.18629807692307693 0.9555288461538461 0.19951923076923078 0.08653846153846154
0 0.04447115384615385 0.765625 0.08533653846153846 0.09615384615384616
0 0.04447115384615385 0.8882211538461539 0.08533653846153846 0.14783653846153846
0 0.055288461538461536 0.9519230769230769 0.10697115384615384 0.09254807692307693