0 0.10697115384615384 0.19471153846153846 0.1658653846153846 0.1310096153846154
0 0.06129807692307692 0.08052884615384616 0.12259615384615384 0.1466346153846154
0 0.14783653846153846 0.055288461538461536 0.14543269230769232 0.11057692307692307
0 0.24278846153846154 0.09134615384615384 0.10096153846153846 0.18269230769230768
0 0.34375 0.10336538461538461 0.10817307692307693 0.17908653846153846
0 0.08173076923076923 0.4026442307692308 0.15264423076923078 0.14302884615384615
0 0.0889423076923077 0.5324519230769231 0.1658653846153846 0.14182692307692307
0 0.09375 0.6694711538461539 0.18629807692307693 0.14423076923076922
0 0.042067307692307696 0.7680288461538461 0.08413461538461539 0.13221153846153846
0 0.04927884615384615 0.921875 0.0985576923076923 0.15384615384615385
0 0.1971153846153846 0.9627403846153846 0.12740384615384615 0.07091346153846154
0 0.25841346153846156 0.8161057692307693 0.20552884615384615 0.15144230769230768
0 0.2548076923076923 0.6598557692307693 0.1310096153846154 0.18629807692307693
0 0.23197115384615385 0.5120192307692307 0.16466346153846154 0.15865384615384615
0 0.31490384615384615 0.30288461538461536 0.1778846153846154 0.15504807692307693
0 0.4170673076923077 0.24158653846153846 0.11298076923076923 0.1658653846153846
0 0.43149038461538464 0.04326923076923077 0.10697115384615384 0.08653846153846154
0 0.32091346153846156 0.026442307692307692 0.109375 0.052884615384615384
0 0.36899038461538464 0.5576923076923077 0.16466346153846154 0.19110576923076922
0 0.4050480769230769 0.4074519230769231 0.12620192307692307 0.18269230769230768
0 0.5372596153846154 0.421875 0.12740384615384615 0.1875
0 0.5348557692307693 0.5973557692307693 0.1935096153846154 0.1466346153846154
0 0.3798076923076923 0.8858173076923077 0.1201923076923077 0.21514423076923078
0 0.31850961538461536 0.9819711538461539 0.07932692307692307 0.03245192307692308
0 0.5901442307692307 0.8798076923076923 0.109375 0.22355769230769232
0 0.48677884615384615 0.7776442307692307 0.11899038461538461 0.21033653846153846
0 0.59375 0.7524038461538461 0.11057692307692307 0.16346153846153846
0 0.7151442307692307 0.8557692307692307 0.12860576923076922 0.22956730769230768
0 0.7463942307692307 0.7704326923076923 0.12980769230769232 0.22355769230769232
0 0.6850961538461539 0.6370192307692307 0.13822115384615385 0.20192307692307693
0 0.5709134615384616 0.30649038461538464 0.19591346153846154 0.14182692307692307
0 0.5865384615384616 0.22716346153846154 0.17067307692307693 0.12740384615384615
0 0.5216346153846154 0.10817307692307693 0.10216346153846154 0.21394230769230768
0 0.6201923076923077 0.09615384615384616 0.09615384615384616 0.1778846153846154
0 0.7127403846153846 0.10817307692307693 0.0889423076923077 0.18389423076923078
0 0.7848557692307693 0.030048076923076924 0.10817307692307693 0.06009615384615385
0 0.8701923076923077 0.04807692307692308 0.12620192307692307 0.09615384615384616
0 0.8677884615384616 0.15625 0.14423076923076922 0.16706730769230768
0 0.8810096153846154 0.33413461538461536 0.1814903846153846 0.16346153846153846
0 0.9627403846153846 0.2548076923076923 0.0733173076923077 0.22716346153846154
0 0.9615384615384616 0.4519230769230769 0.07451923076923077 0.1346153846153846
0 0.6586538461538461 0.4375 0.15625 0.15745192307692307
0 0.796875 0.5108173076923077 0.17548076923076922 0.15865384615384615
0 0.8990384615384616 0.6274038461538461 0.15985576923076922 0.14182692307692307
0 0.8377403846153846 0.7908653846153846 0.12620192307692307 0.171875
0 0.8137019230769231 0.9555288461538461 0.19951923076923078 0.08653846153846154
0 0.9555288461538461 0.765625 0.08533653846153846 0.09615384615384616
0 0.9555288461538461 0.8882211538461539 0.08533653846153846 0.14783653846153846
0 0.9447115384615384 0.9519230769230769 0.10697115384615384 0.09254807692307693