0 0.10096153846153846 0.8040865384615384 0.16466346153846154 0.14302884615384615
0 0.0673076923076923 0.9194711538461539 0.12139423076923077 0.12740384615384615
0 0.14543269230769232 0.9435096153846154 0.1346153846153846 0.11177884615384616
0 0.24519230769230768 0.9074519230769231 0.11057692307692307 0.18028846153846154
0 0.34134615384615385 0.8882211538461539 0.09975961538461539 0.1814903846153846
0 0.4338942307692308 0.9591346153846154 0.11778846153846154 0.07692307692307693
0 0.33052884615384615 0.9783653846153846 0.08413461538461539 0.038461538461538464
0 0.078125 0.6081730769230769 0.14543269230769232 0.171875
0 0.030048076923076924 0.11177884615384616 0.05889423076923077 0.11899038461538461
0 0.11057692307692307 0.34375 0.11899038461538461 0.13942307692307693
0 0.06009615384615385 0.265625 0.09014423076923077 0.14423076923076922
0 0.055288461538461536 0.41947115384615385 0.09014423076923077 0.14423076923076922
0 0.234375 0.4987980769230769 0.1875 0.17427884615384615
0 0.051682692307692304 0.027644230769230768 0.08413461538461539 0.051682692307692304
0 0.1778846153846154 0.04567307692307692 0.109375 0.08774038461538461
0 0.25961538461538464 0.32572115384615385 0.14302884615384615 0.171875
0 0.2764423076923077 0.18389423076923078 0.14302884615384615 0.14423076923076922
0 0.38341346153846156 0.1141826923076923 0.12259615384615384 0.21754807692307693
0 0.296875 0.013221153846153846 0.11778846153846154 0.02403846153846154
0 0.34134615384615385 0.2644230769230769 0.17067307692307693 0.10576923076923077
0 0.39783653846153844 0.2932692307692308 0.18028846153846154 0.10697115384615384
0 0.3233173076923077 0.6983173076923077 0.19831730769230768 0.15144230769230768
0 0.40865384615384615 0.7475961538461539 0.13341346153846154 0.1875
0 0.3942307692307692 0.5697115384615384 0.10576923076923077 0.24639423076923078
0 0.5348557692307693 0.5925480769230769 0.140625 0.21153846153846154
0 0.5612980769230769 0.6850961538461539 0.1875 0.15384615384615385
0 0.5264423076923077 0.8894230769230769 0.11057692307692307 0.21634615384615385
0 0.59375 0.7728365384615384 0.16105769230769232 0.12259615384615384
0 0.6225961538461539 0.875 0.0985576923076923 0.1778846153846154
0 0.6117788461538461 0.9567307692307693 0.13221153846153846 0.08173076923076923
0 0.7151442307692307 0.890625 0.09615384615384616 0.19471153846153846
0 0.734375 0.9771634615384616 0.11778846153846154 0.040865384615384616
0 0.8677884615384616 0.953125 0.12980769230769232 0.0889423076923077
0 0.8834134615384616 0.6634615384615384 0.1814903846153846 0.16947115384615385
0 0.9603365384615384 0.7391826923076923 0.07692307692307693 0.22716346153846154
0 0.9663461538461539 0.5492788461538461 0.06370192307692307 0.13942307692307693
0 0.6862980769230769 0.5745192307692307 0.171875 0.14182692307692307
0 0.7800480769230769 0.49158653846153844 0.19951923076923078 0.15144230769230768
0 0.9002403846153846 0.3737980769230769 0.16706730769230768 0.13942307692307693
0 0.5432692307692307 0.3605769230769231 0.22716346153846154 0.1346153846153846
0 0.4963942307692308 0.453125 0.1658653846153846 0.12259615384615384
0 0.5949519230769231 0.12379807692307693 0.11177884615384616 0.23076923076923078
0 0.5865384615384616 0.22355769230769232 0.11658653846153846 0.20192307692307693
0 0.7091346153846154 0.14302884615384615 0.11899038461538461 0.22716346153846154
0 0.7620192307692307 0.23317307692307693 0.10697115384615384 0.22355769230769232
0 0.6947115384615384 0.359375 0.1201923076923077 0.23918269230769232
0 0.8413461538461539 0.20673076923076922 0.12379807692307693 0.1658653846153846
0 0.7980769230769231 0.046875 0.19230769230769232 0.09014423076923077
0 0.9411057692307693 0.05048076923076923 0.11538461538461539 0.09134615384615384
0 0.9603365384615384 0.10817307692307693 0.07692307692307693 0.11538461538461539
0 0.9603365384615384 0.23076923076923078 0.07692307692307693 0.1346153846153846
0 0.48677884615384615 0.21153846153846154 0.13221153846153846 0.17548076923076922
0 0.006009615384615385 0.41586538461538464 0.01201923076923077 0.09134615384615384
0 0.010817307692307692 0.2644230769230769 0.021634615384615384 0.08052884615384616
0 0.007211538461538462 0.5288461538461539 0.014423076923076924 0.12259615384615384