0 0.8990384615384616 0.8040865384615384 0.16466346153846154 0.14302884615384615
0 0.9326923076923077 0.9194711538461539 0.12139423076923077 0.12740384615384615
0 0.8545673076923077 0.9435096153846154 0.1346153846153846 0.11177884615384616
0 0.7572115384615384 0.9074519230769231 0.11057692307692307 0.18028846153846154
0 0.6586538461538461 0.8882211538461539 0.09975961538461539 0.1814903846153846
0 0.5661057692307693 0.9591346153846154 0.11778846153846154 0.07692307692307693
0 0.6694711538461539 0.9783653846153846 0.08413461538461539 0.038461538461538464
0 0.921875 0.6081730769230769 0.14543269230769232 0.171875
0 0.9699519230769231 0.11177884615384616 0.05889423076923077 0.11899038461538461
0 0.8894230769230769 0.34375 0.11899038461538461 0.13942307692307693
0 0.9399038461538461 0.265625 0.09014423076923077 0.14423076923076922
0 0.9447115384615384 0.41947115384615385 0.09014423076923077 0.14423076923076922
0 0.765625 0.4987980769230769 0.1875 0.17427884615384615
0 0.9483173076923077 0.027644230769230768 0.08413461538461539 0.051682692307692304
0 0.8221153846153846 0.04567307692307692 0.109375 0.08774038461538461
0 0.7403846153846154 0.32572115384615385 0.14302884615384615 0.171875
0 0.7235576923076923 0.18389423076923078 0.14302884615384615 0.14423076923076922
0 0.6165865384615384 0.1141826923076923 0.12259615384615384 0.21754807692307693
0 0.703125 0.013221153846153846 0.11778846153846154 0.02403846153846154
0 0.6586538461538461 0.2644230769230769 0.17067307692307693 0.10576923076923077
0 0.6021634615384616 0.2932692307692308 0.18028846153846154 0.10697115384615384
0 0.6766826923076923 0.6983173076923077 0.19831730769230768 0.15144230769230768
0 0.5913461538461539 0.7475961538461539 0.13341346153846154 0.1875
0 0.6057692307692307 0.5697115384615384 0.10576923076923077 0.24639423076923078
0 0.4651442307692308 0.5925480769230769 0.140625 0.21153846153846154
0 0.4387019230769231 0.6850961538461539 0.1875 0.15384615384615385
0 0.47596153846153844 0.8894230769230769 0.11057692307692307 0.21634615384615385
0 0.40625 0.7728365384615384 0.16105769230769232 0.12259615384615384
0 0.37740384615384615 0.875 0.0985576923076923 0.1778846153846154
0 0.390625 0.9567307692307693 0.13221153846153846 0.08173076923076923
0 0.2848557692307692 0.890625 0.09615384615384616 0.19471153846153846
0 0.26802884615384615 0.9771634615384616 0.11778846153846154 0.040865384615384616
0 0.1346153846153846 0.953125 0.12980769230769232 0.0889423076923077
0 0.11658653846153846 0.6634615384615384 0.1814903846153846 0.16947115384615385
0 0.039663461538461536 0.7391826923076923 0.07692307692307693 0.22716346153846154
0 0.03365384615384615 0.5492788461538461 0.06370192307692307 0.13942307692307693
0 0.3137019230769231 0.5745192307692307 0.171875 0.14182692307692307
0 0.21995192307692307 0.49158653846153844 0.19951923076923078 0.15144230769230768
0 0.09975961538461539 0.3737980769230769 0.16706730769230768 0.13942307692307693
0 0.4567307692307692 0.3605769230769231 0.22716346153846154 0.1346153846153846
0 0.5036057692307693 0.453125 0.1658653846153846 0.12259615384615384
0 0.4050480769230769 0.12379807692307693 0.11177884615384616 0.23076923076923078
0 0.41346153846153844 0.22355769230769232 0.11658653846153846 0.20192307692307693
0 0.29086538461538464 0.14302884615384615 0.11899038461538461 0.22716346153846154
0 0.23798076923076922 0.23317307692307693 0.10697115384615384 0.22355769230769232
0 0.30528846153846156 0.359375 0.1201923076923077 0.23918269230769232
0 0.15865384615384615 0.20673076923076922 0.12379807692307693 0.1658653846153846
0 0.20192307692307693 0.046875 0.19230769230769232 0.09014423076923077
0 0.05889423076923077 0.05048076923076923 0.11538461538461539 0.09134615384615384
0 0.039663461538461536 0.10817307692307693 0.07692307692307693 0.11538461538461539
0 0.039663461538461536 0.23076923076923078 0.07692307692307693 0.1346153846153846
0 0.5132211538461539 0.21153846153846154 0.13221153846153846 0.17548076923076922
0 0.9927884615384616 0.4170673076923077 0.009615384615384616 0.09375
0 0.9879807692307693 0.2644230769230769 0.019230769230769232 0.08173076923076923
0 0.9915865384615384 0.5288461538461539 0.01201923076923077 0.125