0 0.9591346153846154 0.7487980769230769 0.07692307692307693 0.21394230769230768
0 0.421875 0.71875 0.19471153846153846 0.15384615384615385
0 0.7560096153846154 0.7151442307692307 0.16105769230769232 0.19471153846153846
0 0.08413461538461539 0.7019230769230769 0.16346153846153846 0.1346153846153846
0 0.7692307692307693 0.9639423076923077 0.17307692307692307 0.0673076923076923
0 0.23317307692307693 0.6490384615384616 0.15865384615384615 0.14423076923076922
0 0.4723557692307692 0.6442307692307693 0.16105769230769232 0.13942307692307693
0 0.6117788461538461 0.625 0.17067307692307693 0.15865384615384615
0 0.33533653846153844 0.6237980769230769 0.11778846153846154 0.17067307692307693
0 0.9543269230769231 0.6177884615384616 0.08653846153846154 0.18269230769230768
0 0.08774038461538461 0.59375 0.17548076923076922 0.13942307692307693
0 0.13221153846153846 0.9579326923076923 0.15384615384615385 0.07932692307692307
0 0.7764423076923077 0.5372596153846154 0.14903846153846154 0.17067307692307693
0 0.4182692307692308 0.5336538461538461 0.1201923076923077 0.21634615384615385
0 0.48677884615384615 0.5036057692307693 0.13221153846153846 0.19951923076923078
0 0.6454326923076923 0.4963942307692308 0.18028846153846154 0.14182692307692307
0 0.29927884615384615 0.48197115384615385 0.12740384615384615 0.24759615384615385
0 0.20673076923076922 0.48197115384615385 0.125 0.21875
0 0.08774038461538461 0.47475961538461536 0.17548076923076922 0.14182692307692307
0 0.5625 0.9459134615384616 0.14423076923076922 0.10336538461538461
0 0.8990384615384616 0.453125 0.15865384615384615 0.18990384615384615
0 0.5673076923076923 0.40865384615384615 0.14903846153846154 0.21634615384615385
0 0.7211538461538461 0.3870192307692308 0.1875 0.15625
0 0.4567307692307692 0.9362980769230769 0.125 0.12259615384615384
0 0.7992788461538461 0.35336538461538464 0.17548076923076922 0.14423076923076922
0 0.09495192307692307 0.35216346153846156 0.18990384615384615 0.15144230769230768
0 0.921875 0.9326923076923077 0.15625 0.12980769230769232
0 0.9555288461538461 0.32572115384615385 0.08413461538461539 0.2091346153846154
0 0.47475961538461536 0.31850961538461536 0.21394230769230768 0.16105769230769232
0 0.040865384615384616 0.2439903846153846 0.08173076923076923 0.21394230769230768
0 0.21514423076923078 0.22355769230769232 0.19230769230769232 0.16826923076923078
0 0.703125 0.19230769230769232 0.12740384615384615 0.17307692307692307
0 0.8497596153846154 0.19230769230769232 0.11778846153846154 0.2403846153846154
0 0.47716346153846156 0.18990384615384615 0.19951923076923078 0.15865384615384615
0 0.30288461538461536 0.18509615384615385 0.14423076923076922 0.1875
0 0.6189903846153846 0.1201923076923077 0.12740384615384615 0.21153846153846154
0 0.3858173076923077 0.11778846153846154 0.11778846153846154 0.23076923076923078
0 0.9423076923076923 0.057692307692307696 0.11057692307692307 0.11057692307692307
0 0.25 0.9002403846153846 0.0985576923076923 0.17067307692307693
0 0.8329326923076923 0.8990384615384616 0.1658653846153846 0.12980769230769232
0 0.3485576923076923 0.8966346153846154 0.10096153846153846 0.18269230769230768
0 0.6201923076923077 0.8966346153846154 0.1201923076923077 0.15865384615384615
0 0.8725961538461539 0.7716346153846154 0.16346153846153846 0.13942307692307693
0 0.24639423076923078 0.765625 0.21875 0.13221153846153846