0 0.06850961538461539 0.07211538461538461 0.11899038461538461 0.1201923076923077
0 0.10096153846153846 0.19110576923076922 0.15985576923076922 0.14182692307692307
0 0.026442307692307692 0.2512019230769231 0.052884615384615384 0.15865384615384615
0 0.015625 0.1346153846153846 0.03125 0.07211538461538461
0 0.09134615384615384 0.36538461538461536 0.18269230769230768 0.13822115384615385
0 0.04807692307692308 0.4735576923076923 0.09615384615384616 0.16706730769230768
0 0.10096153846153846 0.6694711538461539 0.20192307692307693 0.15745192307692307
0 0.026442307692307692 0.765625 0.052884615384615384 0.17067307692307693
0 0.052884615384615384 0.9711538461538461 0.09134615384615384 0.055288461538461536
0 0.24879807692307693 0.8701923076923077 0.12980769230769232 0.24879807692307693
0 0.38341346153846156 0.8858173076923077 0.11778846153846154 0.22235576923076922
0 0.49759615384615385 0.7872596153846154 0.12860576923076922 0.20192307692307693
0 0.3918269230769231 0.7175480769230769 0.19471153846153846 0.13942307692307693
0 0.26802884615384615 0.6730769230769231 0.1346153846153846 0.16346153846153846
0 0.23677884615384615 0.5372596153846154 0.21514423076923078 0.13221153846153846
0 0.27524038461538464 0.4110576923076923 0.21394230769230768 0.1466346153846154
0 0.10096153846153846 0.19110576923076922 0.15985576923076922 0.14182692307692307
0 0.32211538461538464 0.29927884615384615 0.19230769230769232 0.1466346153846154
0 0.24519230769230768 0.0889423076923077 0.1045673076923077 0.1778846153846154
0 0.14783653846153846 0.052884615384615384 0.13822115384615385 0.10576923076923077
0 0.3401442307692308 0.10216346153846154 0.10576923076923077 0.16706730769230768
0 0.421875 0.030048076923076924 0.09375 0.06009615384615385
0 0.47716346153846156 0.046875 0.0985576923076923 0.09254807692307693
0 0.5228365384615384 0.1141826923076923 0.09975961538461539 0.21754807692307693
0 0.6213942307692307 0.10216346153846154 0.0985576923076923 0.1814903846153846
0 0.7139423076923077 0.10576923076923077 0.09735576923076923 0.19471153846153846
0 0.8028846153846154 0.054086538461538464 0.2127403846153846 0.10817307692307693
0 0.8870192307692307 0.33052884615384615 0.18629807692307693 0.16346153846153846
0 0.9627403846153846 0.25721153846153844 0.0733173076923077 0.22355769230769232
0 0.9651442307692307 0.4543269230769231 0.06610576923076923 0.1466346153846154
0 0.7091346153846154 0.4362980769230769 0.15144230769230768 0.21754807692307693
0 0.65625 0.3858173076923077 0.13942307692307693 0.16947115384615385
0 0.5913461538461539 0.8786057692307693 0.11177884615384616 0.22596153846153846
0 0.5925480769230769 0.7728365384615384 0.10697115384615384 0.21875
0 0.7067307692307693 0.6514423076923077 0.17548076923076922 0.1622596153846154
0 0.7139423076923077 0.8485576923076923 0.12259615384615384 0.24158653846153846
0 0.7512019230769231 0.7692307692307693 0.13822115384615385 0.22355769230769232
0 0.5084134615384616 0.5276442307692307 0.17427884615384615 0.1971153846153846
0 0.39663461538461536 0.4483173076923077 0.1045673076923077 0.22115384615384615
0 0.5372596153846154 0.4074519230769231 0.12860576923076922 0.1778846153846154
0 0.4266826923076923 0.25240384615384615 0.12860576923076922 0.21514423076923078
0 0.5588942307692307 0.29447115384615385 0.16947115384615385 0.1201923076923077
0 0.5973557692307693 0.22716346153846154 0.14903846153846154 0.12259615384615384
0 0.8064903846153846 0.5108173076923077 0.1658653846153846 0.13221153846153846
0 0.9050480769230769 0.6298076923076923 0.1778846153846154 0.13822115384615385
0 0.8401442307692307 0.7908653846153846 0.12259615384615384 0.171875
0 0.9555288461538461 0.7704326923076923 0.08533653846153846 0.14182692307692307
0 0.9627403846153846 0.8882211538461539 0.0733173076923077 0.1201923076923077
0 0.7992788461538461 0.953125 0.20673076923076922 0.09014423076923077
0 0.9435096153846154 0.9555288461538461 0.11057692307692307 0.08653846153846154
0 0.3269230769230769 0.026442307692307692 0.11298076923076923 0.051682692307692304