0 0.9314903846153846 0.9278846153846154 0.11899038461538461 0.1201923076923077
0 0.8990384615384616 0.8088942307692307 0.15985576923076922 0.14182692307692307
0 0.9723557692307693 0.7487980769230769 0.05048076923076923 0.16105769230769232
0 0.9831730769230769 0.8665865384615384 0.028846153846153848 0.07451923076923077
0 0.9074519230769231 0.6346153846153846 0.18028846153846154 0.13942307692307693
0 0.9507211538461539 0.5264423076923077 0.09375 0.16826923076923078
0 0.8978365384615384 0.33052884615384615 0.19951923076923078 0.16105769230769232
0 0.9723557692307693 0.23557692307692307 0.05048076923076923 0.17307692307692307
0 0.9471153846153846 0.028846153846153848 0.09134615384615384 0.055288461538461536
0 0.7512019230769231 0.12980769230769232 0.12980769230769232 0.24879807692307693
0 0.6165865384615384 0.1141826923076923 0.11778846153846154 0.22235576923076922
0 0.5024038461538461 0.2127403846153846 0.12860576923076922 0.20192307692307693
0 0.6081730769230769 0.2824519230769231 0.19471153846153846 0.13942307692307693
0 0.7319711538461539 0.3269230769230769 0.1346153846153846 0.16346153846153846
0 0.7632211538461539 0.46274038461538464 0.21514423076923078 0.13221153846153846
0 0.7247596153846154 0.5889423076923077 0.21394230769230768 0.1466346153846154
0 0.8990384615384616 0.8088942307692307 0.15985576923076922 0.14182692307692307
0 0.6778846153846154 0.7007211538461539 0.19230769230769232 0.1466346153846154
0 0.7548076923076923 0.9098557692307693 0.10576923076923077 0.17548076923076922
0 0.8521634615384616 0.9459134615384616 0.14182692307692307 0.10336538461538461
0 0.6598557692307693 0.8978365384615384 0.10576923076923077 0.16706730769230768
0 0.5793269230769231 0.96875 0.09615384615384616 0.057692307692307696
0 0.5228365384615384 0.953125 0.0985576923076923 0.09254807692307693
0 0.47716346153846156 0.8858173076923077 0.09975961538461539 0.21754807692307693
0 0.3786057692307692 0.8978365384615384 0.0985576923076923 0.1814903846153846
0 0.2860576923076923 0.8942307692307693 0.09735576923076923 0.19471153846153846
0 0.1971153846153846 0.9447115384615384 0.21634615384615385 0.10576923076923077
0 0.11298076923076923 0.6694711538461539 0.18629807692307693 0.16346153846153846
0 0.037259615384615384 0.7427884615384616 0.0733173076923077 0.22355769230769232
0 0.03485576923076923 0.5456730769230769 0.06610576923076923 0.1466346153846154
0 0.29086538461538464 0.5637019230769231 0.15144230769230768 0.21754807692307693
0 0.34375 0.6141826923076923 0.13942307692307693 0.16947115384615385
0 0.40865384615384615 0.12139423076923077 0.11177884615384616 0.22596153846153846
0 0.4074519230769231 0.22716346153846154 0.10697115384615384 0.21875
0 0.2932692307692308 0.3485576923076923 0.17548076923076922 0.1622596153846154
0 0.2860576923076923 0.15144230769230768 0.12259615384615384 0.24158653846153846
0 0.24879807692307693 0.23076923076923078 0.13822115384615385 0.22355769230769232
0 0.49158653846153844 0.4723557692307692 0.17427884615384615 0.1971153846153846
0 0.6033653846153846 0.5516826923076923 0.1045673076923077 0.22115384615384615
0 0.46274038461538464 0.5925480769230769 0.12860576923076922 0.1778846153846154
0 0.5733173076923077 0.7475961538461539 0.12860576923076922 0.21514423076923078
0 0.4411057692307692 0.7055288461538461 0.16947115384615385 0.1201923076923077
0 0.4026442307692308 0.7728365384615384 0.14903846153846154 0.12259615384615384
0 0.1935096153846154 0.4891826923076923 0.1658653846153846 0.13221153846153846
0 0.09495192307692307 0.3701923076923077 0.1778846153846154 0.13822115384615385
0 0.15985576923076922 0.2091346153846154 0.12259615384615384 0.171875
0 0.04447115384615385 0.22956730769230768 0.08533653846153846 0.14182692307692307
0 0.037259615384615384 0.11177884615384616 0.0733173076923077 0.1201923076923077
0 0.20072115384615385 0.046875 0.20673076923076922 0.09014423076923077
0 0.056490384615384616 0.04447115384615385 0.11057692307692307 0.08653846153846154
0 0.6730769230769231 0.9735576923076923 0.11298076923076923 0.051682692307692304