0 0.8942307692307693 0.1875 0.15625 0.13942307692307693
0 0.9338942307692307 0.0673076923076923 0.12740384615384615 0.1346153846153846
0 0.8521634615384616 0.052884615384615384 0.13942307692307693 0.10576923076923077
0 0.9723557692307693 0.1346153846153846 0.05048076923076923 0.14903846153846154
0 0.9675480769230769 0.2704326923076923 0.06009615384615385 0.12259615384615384
0 0.9122596153846154 0.3737980769230769 0.17307692307692307 0.15504807692307693
0 0.9675480769230769 0.5300480769230769 0.06009615384615385 0.21394230769230768
0 0.9098557692307693 0.6802884615384616 0.17548076923076922 0.14903846153846154
0 0.9591346153846154 0.8028846153846154 0.08052884615384616 0.20192307692307693
0 0.7692307692307693 0.8858173076923077 0.11778846153846154 0.22596153846153846
0 0.6177884615384616 0.8858173076923077 0.12620192307692307 0.22596153846153846
0 0.7151442307692307 0.8100961538461539 0.12620192307692307 0.15144230769230768
0 0.7367788461538461 0.6670673076923077 0.13701923076923078 0.17908653846153846
0 0.6454326923076923 0.5576923076923077 0.18028846153846154 0.13942307692307693
0 0.6237980769230769 0.7151442307692307 0.2283653846153846 0.1346153846153846
0 0.4963942307692308 0.7848557692307693 0.15264423076923078 0.21033653846153846
0 0.40865384615384615 0.8305288461538461 0.109375 0.32572115384615385
0 0.2956730769230769 0.6514423076923077 0.171875 0.16947115384615385
0 0.28125 0.8449519230769231 0.13701923076923078 0.2512019230769231
0 0.2512019230769231 0.765625 0.14423076923076922 0.23076923076923078
0 0.1622596153846154 0.7884615384615384 0.12740384615384615 0.17067307692307693
0 0.17307692307692307 0.9615384615384616 0.12980769230769232 0.07451923076923077
0 0.0625 0.9555288461538461 0.12139423076923077 0.08653846153846154
0 0.042067307692307696 0.8882211538461539 0.0829326923076923 0.1346153846153846
0 0.042067307692307696 0.7728365384615384 0.0829326923076923 0.14783653846153846
0 0.10216346153846154 0.6298076923076923 0.16105769230769232 0.13942307692307693
0 0.21394230769230768 0.5120192307692307 0.1814903846153846 0.15504807692307693
0 0.46634615384615385 0.5216346153846154 0.18028846153846154 0.19831730769230768
0 0.7367788461538461 0.35216346153846156 0.16105769230769232 0.22596153846153846
0 0.6887019230769231 0.3016826923076923 0.1658653846153846 0.1622596153846154
0 0.5997596153846154 0.3858173076923077 0.11538461538461539 0.21754807692307693
0 0.7584134615384616 0.08774038461538461 0.10216346153846154 0.17548076923076922
0 0.6598557692307693 0.09014423076923077 0.10096153846153846 0.17908653846153846
0 0.5661057692307693 0.04447115384615385 0.10697115384615384 0.08774038461538461
0 0.4723557692307692 0.11177884615384616 0.10697115384615384 0.22235576923076922
0 0.5324519230769231 0.054086538461538464 0.10216346153846154 0.10817307692307693
0 0.578125 0.24278846153846154 0.11899038461538461 0.1971153846153846
0 0.4411057692307692 0.3125 0.18629807692307693 0.14182692307692307
0 0.4026442307692308 0.22235576923076922 0.14903846153846154 0.11778846153846154
0 0.375 0.11538461538461539 0.09014423076923077 0.21394230769230768
0 0.39783653846153844 0.027644230769230768 0.13221153846153846 0.055288461538461536
0 0.2848557692307692 0.10697115384615384 0.09735576923076923 0.1971153846153846
0 0.2692307692307692 0.29086538461538464 0.10697115384615384 0.24158653846153846
0 0.3233173076923077 0.4074519230769231 0.14903846153846154 0.15144230769230768
0 0.11778846153846154 0.16346153846153846 0.17548076923076922 0.12980769230769232
0 0.11177884615384616 0.026442307692307692 0.08774038461538461 0.052884615384615384
0 0.042067307692307696 0.10576923076923077 0.0829326923076923 0.14302884615384615
0 0.030048076923076924 0.28125 0.057692307692307696 0.17548076923076922
0 0.11778846153846154 0.33413461538461536 0.19110576923076922 0.15745192307692307
0 0.04567307692307692 0.4639423076923077 0.08774038461538461 0.15865384615384615