0 0.10576923076923077 0.8341346153846154 0.17548076923076922 0.12980769230769232
0 0.14783653846153846 0.9447115384615384 0.1466346153846154 0.10576923076923077
0 0.052884615384615384 0.9651442307692307 0.1045673076923077 0.06850961538461539
0 0.010817307692307692 0.9278846153846154 0.021634615384615384 0.1201923076923077
0 0.03365384615384615 0.6923076923076923 0.06610576923076923 0.12620192307692307
0 0.08774038461538461 0.6213942307692307 0.1622596153846154 0.16346153846153846
0 0.025240384615384616 0.45913461538461536 0.05048076923076923 0.16947115384615385
0 0.1814903846153846 0.4807692307692308 0.18629807692307693 0.203125
0 0.09495192307692307 0.31009615384615385 0.1778846153846154 0.15504807692307693
0 0.03485576923076923 0.1971153846153846 0.06971153846153846 0.2091346153846154
0 0.23317307692307693 0.1141826923076923 0.1201923076923077 0.22355769230769232
0 0.24519230769230768 0.9098557692307693 0.10096153846153846 0.17548076923076922
0 0.3401442307692308 0.9074519230769231 0.10817307692307693 0.18028846153846154
0 0.4230769230769231 0.953125 0.10096153846153846 0.0889423076923077
0 0.5228365384615384 0.8882211538461539 0.10216346153846154 0.22235576923076922
0 0.4735576923076923 0.9447115384615384 0.11057692307692307 0.10576923076923077
0 0.6201923076923077 0.9074519230769231 0.09134615384615384 0.18028846153846154
0 0.5961538461538461 0.9747596153846154 0.125 0.04567307692307692
0 0.7091346153846154 0.8918269230769231 0.0985576923076923 0.20192307692307693
0 0.7415865384615384 0.9675480769230769 0.12620192307692307 0.06370192307692307
0 0.8942307692307693 0.9627403846153846 0.1201923076923077 0.06971153846153846
0 0.6610576923076923 0.7548076923076923 0.09975961538461539 0.1814903846153846
0 0.30649038461538464 0.6947115384615384 0.15144230769230768 0.15865384615384615
0 0.4206730769230769 0.7391826923076923 0.11899038461538461 0.19110576923076922
0 0.40024038461538464 0.5564903846153846 0.11778846153846154 0.22956730769230768
0 0.26322115384615385 0.3425480769230769 0.14423076923076922 0.16947115384615385
0 0.25240384615384615 0.19230769230769232 0.20192307692307693 0.14302884615384615
0 0.38341346153846156 0.11177884615384616 0.12379807692307693 0.21875
0 0.49038461538461536 0.2091346153846154 0.12740384615384615 0.20192307692307693
0 0.359375 0.2824519230769231 0.25841346153846156 0.14302884615384615
0 0.4951923076923077 0.38100961538461536 0.17668269230769232 0.13822115384615385
0 0.5396634615384616 0.4831730769230769 0.20432692307692307 0.18269230769230768
0 0.5360576923076923 0.5721153846153846 0.13221153846153846 0.14423076923076922
0 0.5420673076923077 0.6838942307692307 0.1622596153846154 0.13581730769230768
0 0.6778846153846154 0.5949519230769231 0.14783653846153846 0.14423076923076922
0 0.7560096153846154 0.7367788461538461 0.1045673076923077 0.23918269230769232
0 0.8834134615384616 0.8341346153846154 0.14903846153846154 0.13822115384615385
0 0.8786057692307693 0.6658653846153846 0.19230769230769232 0.1622596153846154
0 0.9651442307692307 0.7451923076923077 0.0673076923076923 0.21875
0 0.9579326923076923 0.5516826923076923 0.0829326923076923 0.1658653846153846
0 0.7872596153846154 0.4855769230769231 0.1814903846153846 0.15985576923076922
0 0.9014423076923077 0.3737980769230769 0.1622596153846154 0.13942307692307693
0 0.7067307692307693 0.35096153846153844 0.17067307692307693 0.16706730769230768
0 0.5949519230769231 0.12379807692307693 0.11177884615384616 0.22355769230769232
0 0.5877403846153846 0.22355769230769232 0.1201923076923077 0.21514423076923078
0 0.7115384615384616 0.1466346153846154 0.11778846153846154 0.22716346153846154
0 0.7475961538461539 0.23677884615384615 0.1346153846153846 0.23076923076923078
0 0.8377403846153846 0.2091346153846154 0.12379807692307693 0.17427884615384615
0 0.8293269230769231 0.056490384615384616 0.12620192307692307 0.11057692307692307
0 0.9459134615384616 0.04927884615384615 0.10576923076923077 0.09495192307692307
0 0.9579326923076923 0.125 0.0829326923076923 0.11538461538461539
0 0.9555288461538461 0.23317307692307693 0.08653846153846154 0.1466346153846154