0 0.8942307692307693 0.1658653846153846 0.17548076923076922 0.12980769230769232
0 0.8521634615384616 0.054086538461538464 0.14302884615384615 0.10817307692307693
0 0.9471153846153846 0.03485576923076923 0.1045673076923077 0.06850961538461539
0 0.9879807692307693 0.0733173076923077 0.019230769230769232 0.12259615384615384
0 0.9663461538461539 0.3076923076923077 0.06610576923076923 0.12620192307692307
0 0.9122596153846154 0.3786057692307692 0.1622596153846154 0.16346153846153846
0 0.9735576923076923 0.5408653846153846 0.04807692307692308 0.17307692307692307
0 0.8185096153846154 0.5192307692307693 0.18629807692307693 0.203125
0 0.9050480769230769 0.6899038461538461 0.1778846153846154 0.15504807692307693
0 0.9639423076923077 0.8028846153846154 0.0673076923076923 0.21153846153846154
0 0.7668269230769231 0.8858173076923077 0.1201923076923077 0.22355769230769232
0 0.7560096153846154 0.0889423076923077 0.0985576923076923 0.1778846153846154
0 0.6598557692307693 0.09134615384615384 0.1045673076923077 0.18269230769230768
0 0.578125 0.04567307692307692 0.0985576923076923 0.09134615384615384
0 0.47716346153846156 0.11177884615384616 0.10216346153846154 0.22235576923076922
0 0.5264423076923077 0.054086538461538464 0.10817307692307693 0.10817307692307693
0 0.38100961538461536 0.09134615384615384 0.0889423076923077 0.18269230769230768
0 0.4050480769230769 0.02403846153846154 0.12259615384615384 0.04807692307692308
0 0.29086538461538464 0.10817307692307693 0.0985576923076923 0.20192307692307693
0 0.25841346153846156 0.03245192307692308 0.12620192307692307 0.06370192307692307
0 0.10576923076923077 0.036057692307692304 0.11778846153846154 0.07211538461538461
0 0.3389423076923077 0.24519230769230768 0.09975961538461539 0.1814903846153846
0 0.6935096153846154 0.30528846153846156 0.15144230769230768 0.15865384615384615
0 0.5793269230769231 0.2608173076923077 0.11899038461538461 0.19110576923076922
0 0.5997596153846154 0.44350961538461536 0.11778846153846154 0.22956730769230768
0 0.7367788461538461 0.6574519230769231 0.14423076923076922 0.16947115384615385
0 0.7475961538461539 0.8076923076923077 0.20192307692307693 0.14302884615384615
0 0.6165865384615384 0.8882211538461539 0.12379807692307693 0.21875
0 0.5096153846153846 0.7908653846153846 0.12740384615384615 0.20192307692307693
0 0.640625 0.7175480769230769 0.25841346153846156 0.14302884615384615
0 0.5048076923076923 0.6189903846153846 0.17668269230769232 0.13822115384615385
0 0.46033653846153844 0.5168269230769231 0.20432692307692307 0.18269230769230768
0 0.4639423076923077 0.42788461538461536 0.13221153846153846 0.14423076923076922
0 0.4579326923076923 0.3161057692307692 0.1622596153846154 0.13581730769230768
0 0.32211538461538464 0.4050480769230769 0.14783653846153846 0.14423076923076922
0 0.2439903846153846 0.26322115384615385 0.1045673076923077 0.23918269230769232
0 0.11658653846153846 0.1658653846153846 0.14903846153846154 0.13822115384615385
0 0.12139423076923077 0.33413461538461536 0.19230769230769232 0.1622596153846154
0 0.03485576923076923 0.2548076923076923 0.0673076923076923 0.21875
0 0.042067307692307696 0.4483173076923077 0.0829326923076923 0.1658653846153846
0 0.2127403846153846 0.5144230769230769 0.1814903846153846 0.15985576923076922
0 0.0985576923076923 0.6262019230769231 0.1622596153846154 0.13942307692307693
0 0.2932692307692308 0.6490384615384616 0.17067307692307693 0.16706730769230768
0 0.4050480769230769 0.8762019230769231 0.11177884615384616 0.22355769230769232
0 0.41225961538461536 0.7764423076923077 0.1201923076923077 0.21514423076923078
0 0.28846153846153844 0.8533653846153846 0.11778846153846154 0.22716346153846154
0 0.25240384615384615 0.7632211538461539 0.1346153846153846 0.23076923076923078
0 0.1622596153846154 0.7908653846153846 0.12379807692307693 0.17427884615384615
0 0.17067307692307693 0.9435096153846154 0.12620192307692307 0.11057692307692307
0 0.054086538461538464 0.9507211538461539 0.10576923076923077 0.09495192307692307
0 0.042067307692307696 0.875 0.0829326923076923 0.11538461538461539
0 0.04447115384615385 0.7668269230769231 0.08653846153846154 0.1466346153846154