0 0.9783653846153846 0.8725961538461539 0.038461538461538464 0.10576923076923077
0 0.9411057692307693 0.9471153846153846 0.11298076923076923 0.10096153846153846
0 0.7872596153846154 0.9711538461538461 0.13942307692307693 0.056490384615384616
0 0.6598557692307693 0.8942307692307693 0.10817307692307693 0.1658653846153846
0 0.6694711538461539 0.9723557692307693 0.0985576923076923 0.05048076923076923
0 0.5733173076923077 0.9555288461538461 0.10336538461538461 0.08413461538461539
0 0.47716346153846156 0.8882211538461539 0.10817307692307693 0.21875
0 0.38100961538461536 0.9002403846153846 0.09134615384615384 0.16947115384615385
0 0.29447115384615385 0.8966346153846154 0.0829326923076923 0.203125
0 0.38461538461538464 0.9903846153846154 0.1346153846153846 0.014423076923076924
0 0.20072115384615385 0.8930288461538461 0.10817307692307693 0.2091346153846154
0 0.11658653846153846 0.9507211538461539 0.13221153846153846 0.09375
0 0.11298076923076923 0.8088942307692307 0.140625 0.15384615384615385
0 0.03245192307692308 0.7512019230769231 0.0625 0.21153846153846154
0 0.125 0.671875 0.18028846153846154 0.14302884615384615
0 0.22115384615384615 0.6237980769230769 0.11177884615384616 0.203125
0 0.3233173076923077 0.5997596153846154 0.11899038461538461 0.20673076923076922
0 0.19831730769230768 0.47596153846153844 0.19951923076923078 0.12740384615384615
0 0.2848557692307692 0.36177884615384615 0.18509615384615385 0.13822115384615385
0 0.8846153846153846 0.7728365384615384 0.14302884615384615 0.13581730769230768
0 0.9302884615384616 0.7620192307692307 0.1346153846153846 0.16826923076923078
0 0.8088942307692307 0.6394230769230769 0.17548076923076922 0.15504807692307693
0 0.9603365384615384 0.49399038461538464 0.07451923076923077 0.19951923076923078
0 0.9086538461538461 0.3245192307692308 0.17548076923076922 0.171875
0 0.8353365384615384 0.4411057692307692 0.1201923076923077 0.21875
0 0.9603365384615384 0.1971153846153846 0.078125 0.2091346153846154
0 0.7692307692307693 0.1141826923076923 0.12139423076923077 0.22596153846153846
0 0.7355769230769231 0.33413461538461536 0.14903846153846154 0.14302884615384615
0 0.6838942307692307 0.6935096153846154 0.16947115384615385 0.15865384615384615
0 0.609375 0.7331730769230769 0.1622596153846154 0.17427884615384615
0 0.46634615384615385 0.6057692307692307 0.140625 0.2091346153846154
0 0.5769230769230769 0.5721153846153846 0.16947115384615385 0.21394230769230768
0 0.5600961538461539 0.42788461538461536 0.1658653846153846 0.1658653846153846
0 0.6225961538461539 0.11298076923076923 0.11538461538461539 0.22235576923076922
0 0.6225961538461539 0.23677884615384615 0.1658653846153846 0.10697115384615384
0 0.7512019230769231 0.19951923076923078 0.13341346153846154 0.1346153846153846
0 0.609375 0.3112980769230769 0.1875 0.10216346153846154
0 0.2860576923076923 0.12860576923076922 0.13221153846153846 0.18389423076923078
0 0.3701923076923077 0.11177884615384616 0.0625 0.16706730769230768
0 0.4362980769230769 0.1045673076923077 0.08774038461538461 0.1814903846153846
0 0.39663461538461536 0.1875 0.08774038461538461 0.15985576923076922
0 0.4375 0.4362980769230769 0.12740384615384615 0.18629807692307693
0 0.47716346153846156 0.11057692307692307 0.109375 0.18629807692307693
0 0.23557692307692307 0.23918269230769232 0.15985576923076922 0.16947115384615385
0 0.14903846153846154 0.23076923076923078 0.10216346153846154 0.15985576923076922
0 0.10336538461538461 0.3798076923076923 0.15504807692307693 0.15985576923076922
0 0.042067307692307696 0.5564903846153846 0.08052884615384616 0.16706730769230768
0 0.04567307692307692 0.22115384615384615 0.08774038461538461 0.13942307692307693
0 0.039663461538461536 0.10817307692307693 0.07572115384615384 0.14182692307692307
0 0.056490384615384616 0.05889423076923077 0.109375 0.1141826923076923
0 0.16947115384615385 0.04807692307692308 0.12620192307692307 0.09254807692307693