0 0.020432692307692308 0.12740384615384615 0.040865384615384616 0.10336538461538461
0 0.057692307692307696 0.051682692307692304 0.11538461538461539 0.10336538461538461
0 0.2127403846153846 0.028846153846153848 0.13942307692307693 0.056490384615384616
0 0.3401442307692308 0.10576923076923077 0.10817307692307693 0.1658653846153846
0 0.33052884615384615 0.026442307692307692 0.09495192307692307 0.052884615384615384
0 0.42788461538461536 0.04326923076923077 0.10096153846153846 0.08653846153846154
0 0.5240384615384616 0.11057692307692307 0.10576923076923077 0.22115384615384615
0 0.6189903846153846 0.09975961538461539 0.09134615384615384 0.16947115384615385
0 0.7055288461538461 0.10336538461538461 0.0829326923076923 0.203125
0 0.6153846153846154 0.008413461538461538 0.13341346153846154 0.016826923076923076
0 0.7992788461538461 0.10576923076923077 0.1045673076923077 0.21153846153846154
0 0.8846153846153846 0.04807692307692308 0.12980769230769232 0.09615384615384616
0 0.8870192307692307 0.19110576923076922 0.140625 0.15384615384615385
0 0.9675480769230769 0.24879807692307693 0.0625 0.21153846153846154
0 0.875 0.328125 0.18028846153846154 0.14302884615384615
0 0.7788461538461539 0.3762019230769231 0.11177884615384616 0.203125
0 0.6766826923076923 0.40024038461538464 0.11899038461538461 0.20673076923076922
0 0.8016826923076923 0.5240384615384616 0.19951923076923078 0.12740384615384615
0 0.7151442307692307 0.6382211538461539 0.18509615384615385 0.13822115384615385
0 0.11538461538461539 0.22716346153846154 0.14302884615384615 0.13581730769230768
0 0.06850961538461539 0.23918269230769232 0.13701923076923078 0.1658653846153846
0 0.19110576923076922 0.3605769230769231 0.17548076923076922 0.15504807692307693
0 0.038461538461538464 0.5072115384615384 0.07692307692307693 0.1971153846153846
0 0.09134615384615384 0.6754807692307693 0.17548076923076922 0.171875
0 0.16466346153846154 0.5588942307692307 0.1201923076923077 0.21875
0 0.039663461538461536 0.8028846153846154 0.078125 0.2091346153846154
0 0.23076923076923078 0.8858173076923077 0.12139423076923077 0.22596153846153846
0 0.2644230769230769 0.6658653846153846 0.14903846153846154 0.14302884615384615
0 0.3161057692307692 0.30649038461538464 0.16947115384615385 0.15865384615384615
0 0.390625 0.2668269230769231 0.1622596153846154 0.17427884615384615
0 0.5336538461538461 0.3942307692307692 0.140625 0.2091346153846154
0 0.4230769230769231 0.42788461538461536 0.16947115384615385 0.21394230769230768
0 0.43990384615384615 0.5721153846153846 0.1658653846153846 0.1658653846153846
0 0.37740384615384615 0.8870192307692307 0.11538461538461539 0.22235576923076922
0 0.37740384615384615 0.7632211538461539 0.1658653846153846 0.10697115384615384
0 0.24879807692307693 0.8004807692307693 0.13341346153846154 0.1346153846153846
0 0.390625 0.6887019230769231 0.1875 0.10216346153846154
0 0.7139423076923077 0.8713942307692307 0.13221153846153846 0.18389423076923078
0 0.6298076923076923 0.8882211538461539 0.0625 0.16706730769230768
0 0.5637019230769231 0.8954326923076923 0.08774038461538461 0.1814903846153846
0 0.6033653846153846 0.8125 0.08774038461538461 0.15985576923076922
0 0.5625 0.5637019230769231 0.12740384615384615 0.18629807692307693
0 0.5228365384615384 0.8894230769230769 0.109375 0.18629807692307693
0 0.7644230769230769 0.7608173076923077 0.15985576923076922 0.16947115384615385
0 0.8509615384615384 0.7692307692307693 0.10216346153846154 0.15985576923076922
0 0.8966346153846154 0.6201923076923077 0.15504807692307693 0.15985576923076922
0 0.9579326923076923 0.44350961538461536 0.08052884615384616 0.16706730769230768
0 0.9543269230769231 0.7788461538461539 0.08774038461538461 0.13942307692307693
0 0.9603365384615384 0.8918269230769231 0.07572115384615384 0.14182692307692307
0 0.9435096153846154 0.9411057692307693 0.109375 0.1141826923076923
0 0.8305288461538461 0.9519230769230769 0.12620192307692307 0.09254807692307693