0 0.04326923076923077 0.8713942307692307 0.08653846153846154 0.19471153846153846
0 0.037259615384615384 0.6466346153846154 0.07451923076923077 0.15144230769230768
0 0.09615384615384616 0.5456730769230769 0.19230769230769232 0.15384615384615385
0 0.054086538461538464 0.36778846153846156 0.10817307692307693 0.16346153846153846
0 0.04567307692307692 0.1141826923076923 0.09014423076923077 0.14302884615384615
0 0.23557692307692307 0.11899038461538461 0.12139423076923077 0.234375
0 0.3786057692307692 0.11899038461538461 0.11538461538461539 0.234375
0 0.4567307692307692 0.055288461538461536 0.10576923076923077 0.10697115384615384
0 0.5516826923076923 0.026442307692307692 0.09014423076923077 0.04807692307692308
0 0.6610576923076923 0.13221153846153846 0.11177884615384616 0.24639423076923078
0 0.7668269230769231 0.13581730769230768 0.109375 0.20552884615384615
0 0.21033653846153846 0.3858173076923077 0.1346153846153846 0.1658653846153846
0 0.30408653846153844 0.27524038461538464 0.19230769230769232 0.13942307692307693
0 0.4098557692307692 0.32091346153846156 0.14302884615384615 0.171875
0 0.5192307692307693 0.3798076923076923 0.19591346153846154 0.1466346153846154
0 0.17307692307692307 0.7451923076923077 0.16466346153846154 0.1346153846153846
0 0.21394230769230768 0.8269230769230769 0.15144230769230768 0.19831730769230768
0 0.2776442307692308 0.9495192307692307 0.1045673076923077 0.09975961538461539
0 0.33653846153846156 0.8918269230769231 0.09735576923076923 0.17908653846153846
0 0.25 0.6598557692307693 0.18629807692307693 0.13822115384615385
0 0.40865384615384615 0.7151442307692307 0.18509615384615385 0.12620192307692307
0 0.4266826923076923 0.8822115384615384 0.1045673076923077 0.20192307692307693
0 0.4543269230769231 0.9831730769230769 0.17307692307692307 0.028846153846153848
0 0.5264423076923077 0.890625 0.10216346153846154 0.21514423076923078
0 0.30408653846153844 0.5396634615384616 0.11298076923076923 0.22716346153846154
0 0.40865384615384615 0.5721153846153846 0.11298076923076923 0.20552884615384615
0 0.5216346153846154 0.5685096153846154 0.10576923076923077 0.203125
0 0.5805288461538461 0.5228365384615384 0.1045673076923077 0.19110576923076922
0 0.7271634615384616 0.31850961538461536 0.1778846153846154 0.12379807692307693
0 0.7067307692307693 0.4098557692307692 0.14903846153846154 0.09975961538461539
0 0.7175480769230769 0.6754807692307693 0.12740384615384615 0.14423076923076922
0 0.59375 0.7764423076923077 0.11658653846153846 0.19831730769230768
0 0.7115384615384616 0.8966346153846154 0.09615384615384616 0.1971153846153846
0 0.6117788461538461 0.9495192307692307 0.0889423076923077 0.09975961538461539
0 0.6911057692307693 0.9651442307692307 0.0985576923076923 0.06490384615384616
0 0.8016826923076923 0.9447115384615384 0.10817307692307693 0.10576923076923077
0 0.9098557692307693 0.90625 0.078125 0.13942307692307693
0 0.9699519230769231 0.8581730769230769 0.056490384615384616 0.1310096153846154
0 0.9711538461538461 0.71875 0.054086538461538464 0.14783653846153846
0 0.8798076923076923 0.8040865384615384 0.15264423076923078 0.13581730769230768
0 0.8725961538461539 0.6598557692307693 0.18269230769230768 0.14182692307692307
0 0.8990384615384616 0.5084134615384616 0.17668269230769232 0.13822115384615385
0 0.7752403846153846 0.5516826923076923 0.11057692307692307 0.18990384615384615
0 0.8245192307692307 0.4855769230769231 0.10817307692307693 0.22235576923076922
0 0.90625 0.3701923076923077 0.18028846153846154 0.13581730769230768
0 0.9002403846153846 0.22596153846153846 0.1971153846153846 0.12379807692307693
0 0.9867788461538461 0.296875 0.02403846153846154 0.09254807692307693
0 0.953125 0.11899038461538461 0.09014423076923077 0.10336538461538461
0 0.9495192307692307 0.040865384615384616 0.0985576923076923 0.078125
0 0.8725961538461539 0.03365384615384615 0.20552884615384615 0.06370192307692307