0 0.04326923076923077 0.12860576923076922 0.08653846153846154 0.19471153846153846
0 0.037259615384615384 0.35336538461538464 0.07451923076923077 0.15144230769230768
0 0.09615384615384616 0.4543269230769231 0.19230769230769232 0.15384615384615385
0 0.054086538461538464 0.6322115384615384 0.10817307692307693 0.16346153846153846
0 0.04567307692307692 0.8858173076923077 0.09014423076923077 0.14302884615384615
0 0.23557692307692307 0.8810096153846154 0.12139423076923077 0.234375
0 0.3786057692307692 0.8810096153846154 0.11538461538461539 0.234375
0 0.4567307692307692 0.9447115384615384 0.10576923076923077 0.10697115384615384
0 0.5516826923076923 0.9735576923076923 0.09014423076923077 0.04807692307692308
0 0.6610576923076923 0.8677884615384616 0.11177884615384616 0.24639423076923078
0 0.7668269230769231 0.8641826923076923 0.109375 0.20552884615384615
0 0.21033653846153846 0.6141826923076923 0.1346153846153846 0.1658653846153846
0 0.30408653846153844 0.7247596153846154 0.19230769230769232 0.13942307692307693
0 0.4098557692307692 0.6790865384615384 0.14302884615384615 0.171875
0 0.5192307692307693 0.6201923076923077 0.19591346153846154 0.1466346153846154
0 0.17307692307692307 0.2548076923076923 0.16466346153846154 0.1346153846153846
0 0.21394230769230768 0.17307692307692307 0.15144230769230768 0.19831730769230768
0 0.2776442307692308 0.05048076923076923 0.1045673076923077 0.09975961538461539
0 0.33653846153846156 0.10817307692307693 0.09735576923076923 0.17908653846153846
0 0.25 0.3401442307692308 0.18629807692307693 0.13822115384615385
0 0.40865384615384615 0.2848557692307692 0.18509615384615385 0.12620192307692307
0 0.4266826923076923 0.11778846153846154 0.1045673076923077 0.20192307692307693
0 0.4543269230769231 0.015625 0.17067307692307693 0.03125
0 0.5264423076923077 0.109375 0.10216346153846154 0.21514423076923078
0 0.30408653846153844 0.46033653846153844 0.11298076923076923 0.22716346153846154
0 0.40865384615384615 0.42788461538461536 0.11298076923076923 0.20552884615384615
0 0.5216346153846154 0.43149038461538464 0.10576923076923077 0.203125
0 0.5805288461538461 0.47716346153846156 0.1045673076923077 0.19110576923076922
0 0.7271634615384616 0.6814903846153846 0.1778846153846154 0.12379807692307693
0 0.7067307692307693 0.5901442307692307 0.14903846153846154 0.09975961538461539
0 0.7175480769230769 0.3245192307692308 0.12740384615384615 0.14423076923076922
0 0.59375 0.22355769230769232 0.11658653846153846 0.19831730769230768
0 0.7115384615384616 0.10336538461538461 0.09615384615384616 0.1971153846153846
0 0.6117788461538461 0.05048076923076923 0.0889423076923077 0.09975961538461539
0 0.6911057692307693 0.03365384615384615 0.09735576923076923 0.0673076923076923
0 0.8016826923076923 0.054086538461538464 0.10697115384615384 0.10817307692307693
0 0.9098557692307693 0.09375 0.078125 0.13942307692307693
0 0.9699519230769231 0.14182692307692307 0.056490384615384616 0.1310096153846154
0 0.9711538461538461 0.28125 0.054086538461538464 0.14783653846153846
0 0.8798076923076923 0.19591346153846154 0.15264423076923078 0.13581730769230768
0 0.8725961538461539 0.3401442307692308 0.18269230769230768 0.14182692307692307
0 0.8990384615384616 0.49158653846153844 0.17668269230769232 0.13822115384615385
0 0.7752403846153846 0.4483173076923077 0.11057692307692307 0.18990384615384615
0 0.8245192307692307 0.5144230769230769 0.10817307692307693 0.22235576923076922
0 0.90625 0.6298076923076923 0.18028846153846154 0.13581730769230768
0 0.9002403846153846 0.7740384615384616 0.1971153846153846 0.12379807692307693
0 0.9867788461538461 0.703125 0.02403846153846154 0.09254807692307693
0 0.953125 0.8810096153846154 0.09014423076923077 0.10336538461538461
0 0.9495192307692307 0.9591346153846154 0.0985576923076923 0.078125
0 0.8725961538461539 0.9663461538461539 0.20552884615384615 0.06370192307692307