0 0.5841346153846154 0.2824519230769231 0.20673076923076922 0.15144230769230768
0 0.9122596153846154 0.2980769230769231 0.17067307692307693 0.1346153846153846
0 0.11298076923076923 0.3293269230769231 0.20192307692307693 0.14423076923076922
0 0.7680288461538461 0.3545673076923077 0.1658653846153846 0.1466346153846154
0 0.33533653846153844 0.037259615384615384 0.13701923076923078 0.07451923076923077
0 0.21394230769230768 0.037259615384615384 0.10576923076923077 0.07451923076923077
0 0.41346153846153844 0.36538461538461536 0.14423076923076922 0.15384615384615385
0 0.515625 0.36778846153846156 0.16105769230769232 0.16346153846153846
0 0.6634615384615384 0.3942307692307692 0.10576923076923077 0.1971153846153846
0 0.9134615384615384 0.4098557692307692 0.17067307692307693 0.13221153846153846
0 0.22235576923076922 0.4411057692307692 0.14182692307692307 0.21875
0 0.578125 0.47115384615384615 0.12259615384615384 0.20673076923076922
0 0.515625 0.5012019230769231 0.12259615384615384 0.19951923076923078
0 0.359375 0.5096153846153846 0.20432692307692307 0.14423076923076922
0 0.7067307692307693 0.5192307692307693 0.125 0.2403846153846154
0 0.9110576923076923 0.5216346153846154 0.17307692307692307 0.13942307692307693
0 0.8040865384615384 0.5240384615384616 0.11298076923076923 0.21153846153846154
0 0.44711538461538464 0.054086538461538464 0.12980769230769232 0.10817307692307693
0 0.1045673076923077 0.5504807692307693 0.15625 0.17307692307692307
0 0.42908653846153844 0.5745192307692307 0.12740384615384615 0.21153846153846154
0 0.5480769230769231 0.05889423076923077 0.12980769230769232 0.11298076923076923
0 0.9038461538461539 0.6478365384615384 0.1875 0.15625
0 0.19110576923076922 0.6514423076923077 0.13701923076923078 0.1971153846153846
0 0.04447115384615385 0.6682692307692307 0.08413461538461539 0.1971153846153846
0 0.6069711538461539 0.6694711538461539 0.23317307692307693 0.14182692307692307
0 0.9567307692307693 0.7475961538461539 0.08173076923076923 0.20673076923076922
0 0.7824519230769231 0.7776442307692307 0.19471153846153846 0.17067307692307693
0 0.3004807692307692 0.7956730769230769 0.15384615384615385 0.18269230769230768
0 0.5060096153846154 0.8016826923076923 0.16105769230769232 0.18990384615384615
0 0.6911057692307693 0.8209134615384616 0.15625 0.16105769230769232
0 0.13942307692307693 0.8209134615384616 0.1201923076923077 0.23798076923076922
0 0.38100961538461536 0.8713942307692307 0.11778846153846154 0.18990384615384615
0 0.6117788461538461 0.8822115384615384 0.12740384615384615 0.23076923076923078
0 0.7548076923076923 0.09375 0.10096153846153846 0.1875
0 0.057692307692307696 0.9387019230769231 0.11057692307692307 0.11778846153846154
0 0.3942307692307692 0.10216346153846154 0.1346153846153846 0.18509615384615385
0 0.6550480769230769 0.1045673076923077 0.10336538461538461 0.2091346153846154
0 0.9423076923076923 0.1201923076923077 0.11057692307692307 0.16346153846153846
0 0.7728365384615384 0.21514423076923078 0.1658653846153846 0.16105769230769232
0 0.125 0.22115384615384615 0.1778846153846154 0.14903846153846154
0 0.2608173076923077 0.23918269230769232 0.19951923076923078 0.12740384615384615
0 0.03245192307692308 0.23918269230769232 0.06009615384615385 0.2091346153846154