0 0.41586538461538464 0.7175480769230769 0.20673076923076922 0.15144230769230768
0 0.08653846153846154 0.703125 0.17307692307692307 0.13221153846153846
0 0.8870192307692307 0.6706730769230769 0.20192307692307693 0.14423076923076922
0 0.23197115384615385 0.6454326923076923 0.1658653846153846 0.1466346153846154
0 0.6658653846153846 0.9615384615384616 0.13942307692307693 0.07211538461538461
0 0.7872596153846154 0.9615384615384616 0.10817307692307693 0.07211538461538461
0 0.5865384615384616 0.6346153846153846 0.14423076923076922 0.15384615384615385
0 0.484375 0.6322115384615384 0.16105769230769232 0.16346153846153846
0 0.33653846153846156 0.6057692307692307 0.10576923076923077 0.1971153846153846
0 0.08653846153846154 0.5901442307692307 0.17067307692307693 0.13221153846153846
0 0.7776442307692307 0.5588942307692307 0.14182692307692307 0.21875
0 0.421875 0.5288461538461539 0.12259615384615384 0.20673076923076922
0 0.484375 0.4987980769230769 0.12259615384615384 0.19951923076923078
0 0.640625 0.49038461538461536 0.20432692307692307 0.14423076923076922
0 0.2932692307692308 0.4807692307692308 0.125 0.2403846153846154
0 0.08774038461538461 0.4795673076923077 0.17548076923076922 0.13701923076923078
0 0.19591346153846154 0.47596153846153844 0.11298076923076923 0.21153846153846154
0 0.5540865384615384 0.9447115384615384 0.13221153846153846 0.10576923076923077
0 0.8954326923076923 0.4495192307692308 0.15625 0.17307692307692307
0 0.5709134615384616 0.4254807692307692 0.12740384615384615 0.21153846153846154
0 0.4519230769230769 0.9411057692307693 0.12980769230769232 0.11298076923076923
0 0.09495192307692307 0.35336538461538464 0.18990384615384615 0.15384615384615385
0 0.8088942307692307 0.3485576923076923 0.13701923076923078 0.1971153846153846
0 0.9555288461538461 0.3317307692307692 0.08413461538461539 0.1971153846153846
0 0.39302884615384615 0.33052884615384615 0.23317307692307693 0.14182692307692307
0 0.042067307692307696 0.2536057692307692 0.08413461538461539 0.20432692307692307
0 0.21754807692307693 0.22235576923076922 0.19471153846153846 0.17067307692307693
0 0.6995192307692307 0.20432692307692307 0.15384615384615385 0.18269230769230768
0 0.49399038461538464 0.19831730769230768 0.16105769230769232 0.18990384615384615
0 0.3088942307692308 0.17908653846153846 0.15625 0.16105769230769232
0 0.8605769230769231 0.17908653846153846 0.1201923076923077 0.23798076923076922
0 0.6189903846153846 0.12860576923076922 0.11778846153846154 0.18990384615384615
0 0.38822115384615385 0.11778846153846154 0.12740384615384615 0.23076923076923078
0 0.24639423076923078 0.9050480769230769 0.10336538461538461 0.18509615384615385
0 0.9423076923076923 0.06129807692307692 0.11057692307692307 0.11778846153846154
0 0.6057692307692307 0.8978365384615384 0.1346153846153846 0.18509615384615385
0 0.34615384615384615 0.8942307692307693 0.10576923076923077 0.20673076923076922
0 0.056490384615384616 0.8810096153846154 0.11298076923076923 0.16105769230769232
0 0.22716346153846154 0.7848557692307693 0.1658653846153846 0.16105769230769232
0 0.875 0.7788461538461539 0.1778846153846154 0.14903846153846154
0 0.7391826923076923 0.7608173076923077 0.19951923076923078 0.12740384615384615
0 0.9675480769230769 0.7608173076923077 0.06009615384615385 0.2091346153846154