0 0.0673076923076923 0.9158653846153846 0.11057692307692307 0.16346153846153846
0 0.03245192307692308 0.8125 0.06490384615384616 0.10697115384615384
0 0.03365384615384615 0.1141826923076923 0.0673076923076923 0.1778846153846154
0 0.04927884615384615 0.38822115384615385 0.0985576923076923 0.15504807692307693
0 0.0985576923076923 0.5492788461538461 0.18028846153846154 0.1466346153846154
0 0.03365384615384615 0.6478365384615384 0.0673076923076923 0.12620192307692307
0 0.010817307692307692 0.5192307692307693 0.021634615384615384 0.1466346153846154
0 0.15504807692307693 0.6634615384615384 0.109375 0.1814903846153846
0 0.23557692307692307 0.11778846153846154 0.11899038461538461 0.23317307692307693
0 0.38221153846153844 0.1201923076923077 0.12139423076923077 0.23798076923076922
0 0.5072115384615384 0.18028846153846154 0.17548076923076922 0.13942307692307693
0 0.4639423076923077 0.04447115384615385 0.11899038461538461 0.08653846153846154
0 0.5552884615384616 0.038461538461538464 0.09495192307692307 0.07451923076923077
0 0.7283653846153846 0.046875 0.10216346153846154 0.09014423076923077
0 0.6923076923076923 0.203125 0.14903846153846154 0.1622596153846154
0 0.33533653846153844 0.28966346153846156 0.203125 0.15504807692307693
0 0.20552884615384615 0.3701923076923077 0.10817307692307693 0.18269230769230768
0 0.3004807692307692 0.45913461538461536 0.12740384615384615 0.1658653846153846
0 0.29447115384615385 0.6694711538461539 0.11778846153846154 0.21514423076923078
0 0.20192307692307693 0.8305288461538461 0.14182692307692307 0.21394230769230768
0 0.28365384615384615 0.9471153846153846 0.11057692307692307 0.10096153846153846
0 0.33774038461538464 0.8918269230769231 0.09615384615384616 0.1935096153846154
0 0.43509615384615385 0.8930288461538461 0.10096153846153846 0.2091346153846154
0 0.5288461538461539 0.8894230769230769 0.09375 0.21033653846153846
0 0.6105769230769231 0.9459134615384616 0.09134615384615384 0.10336538461538461
0 0.7091346153846154 0.8870192307692307 0.10096153846153846 0.1814903846153846
0 0.8016826923076923 0.9435096153846154 0.12259615384615384 0.10817307692307693
0 0.6983173076923077 0.9807692307692307 0.0889423076923077 0.03365384615384615
0 0.5889423076923077 0.7548076923076923 0.1201923076923077 0.21875
0 0.43149038461538464 0.7235576923076923 0.17548076923076922 0.15745192307692307
0 0.5204326923076923 0.6117788461538461 0.11538461538461539 0.22956730769230768
0 0.4110576923076923 0.5901442307692307 0.11658653846153846 0.171875
0 0.46274038461538464 0.4411057692307692 0.19831730769230768 0.1310096153846154
0 0.5228365384615384 0.36899038461538464 0.1502403846153846 0.15144230769230768
0 0.6610576923076923 0.3942307692307692 0.12379807692307693 0.23317307692307693
0 0.8461538461538461 0.1310096153846154 0.109375 0.19951923076923078
0 0.9146634615384616 0.24158653846153846 0.1658653846153846 0.14423076923076922
0 0.9459134615384616 0.06370192307692307 0.10576923076923077 0.12379807692307693
0 0.9723557692307693 0.14903846153846154 0.052884615384615384 0.09134615384615384
0 0.9891826923076923 0.33052884615384615 0.019230769230769232 0.0673076923076923
0 0.8185096153846154 0.4735576923076923 0.09735576923076923 0.20192307692307693
0 0.9038461538461539 0.5036057692307693 0.1658653846153846 0.14182692307692307
0 0.7199519230769231 0.6778846153846154 0.140625 0.1346153846153846
0 0.875 0.8064903846153846 0.13701923076923078 0.12980769230769232
0 0.9302884615384616 0.9026442307692307 0.12139423076923077 0.1502403846153846
0 0.9663461538461539 0.7451923076923077 0.06370192307692307 0.18389423076923078
0 0.8834134615384616 0.6778846153846154 0.1971153846153846 0.14783653846153846
0 0.7716346153846154 0.578125 0.12379807692307693 0.1622596153846154
0 0.5192307692307693 0.9951923076923077 0.09014423076923077 0.008413461538461538