0 0.0673076923076923 0.0829326923076923 0.10817307692307693 0.1658653846153846
0 0.03245192307692308 0.1875 0.06490384615384616 0.10697115384615384
0 0.03365384615384615 0.8858173076923077 0.0673076923076923 0.1778846153846154
0 0.04927884615384615 0.6117788461538461 0.0985576923076923 0.15504807692307693
0 0.0985576923076923 0.45072115384615385 0.18028846153846154 0.1466346153846154
0 0.03365384615384615 0.35216346153846156 0.0673076923076923 0.12620192307692307
0 0.010817307692307692 0.4807692307692308 0.021634615384615384 0.1466346153846154
0 0.15504807692307693 0.33653846153846156 0.109375 0.1814903846153846
0 0.23557692307692307 0.8822115384615384 0.11899038461538461 0.23317307692307693
0 0.38221153846153844 0.8798076923076923 0.12139423076923077 0.23798076923076922
0 0.5072115384615384 0.8197115384615384 0.17548076923076922 0.13942307692307693
0 0.4639423076923077 0.9555288461538461 0.11899038461538461 0.08653846153846154
0 0.5552884615384616 0.9615384615384616 0.09495192307692307 0.07451923076923077
0 0.7283653846153846 0.953125 0.10216346153846154 0.09014423076923077
0 0.6923076923076923 0.796875 0.14903846153846154 0.1622596153846154
0 0.33533653846153844 0.7103365384615384 0.203125 0.15504807692307693
0 0.20552884615384615 0.6298076923076923 0.10817307692307693 0.18269230769230768
0 0.3004807692307692 0.5408653846153846 0.12740384615384615 0.1658653846153846
0 0.29447115384615385 0.33052884615384615 0.11778846153846154 0.21514423076923078
0 0.20192307692307693 0.16947115384615385 0.14182692307692307 0.21394230769230768
0 0.28365384615384615 0.051682692307692304 0.10817307692307693 0.10336538461538461
0 0.33774038461538464 0.10817307692307693 0.09615384615384616 0.1935096153846154
0 0.4338942307692308 0.10576923076923077 0.0985576923076923 0.21153846153846154
0 0.5288461538461539 0.11057692307692307 0.09375 0.21033653846153846
0 0.609375 0.052884615384615384 0.0889423076923077 0.10576923076923077
0 0.7091346153846154 0.11298076923076923 0.10096153846153846 0.1814903846153846
0 0.8016826923076923 0.055288461538461536 0.12139423076923077 0.11057692307692307
0 0.6971153846153846 0.018028846153846152 0.08653846153846154 0.036057692307692304
0 0.5889423076923077 0.24519230769230768 0.1201923076923077 0.21875
0 0.43149038461538464 0.2764423076923077 0.17548076923076922 0.15745192307692307
0 0.5204326923076923 0.38822115384615385 0.11538461538461539 0.22956730769230768
0 0.4110576923076923 0.4098557692307692 0.11658653846153846 0.171875
0 0.46274038461538464 0.5588942307692307 0.19831730769230768 0.1310096153846154
0 0.5228365384615384 0.6310096153846154 0.1502403846153846 0.15144230769230768
0 0.6610576923076923 0.6057692307692307 0.12379807692307693 0.23317307692307693
0 0.8461538461538461 0.8689903846153846 0.109375 0.19951923076923078
0 0.9146634615384616 0.7584134615384616 0.1658653846153846 0.14423076923076922
0 0.9459134615384616 0.9362980769230769 0.10576923076923077 0.12379807692307693
0 0.9723557692307693 0.8509615384615384 0.052884615384615384 0.09134615384615384
0 0.9891826923076923 0.6694711538461539 0.019230769230769232 0.0673076923076923
0 0.8185096153846154 0.5264423076923077 0.09735576923076923 0.20192307692307693
0 0.9038461538461539 0.4963942307692308 0.1658653846153846 0.14182692307692307
0 0.7199519230769231 0.32211538461538464 0.140625 0.1346153846153846
0 0.875 0.1935096153846154 0.13701923076923078 0.12980769230769232
0 0.9302884615384616 0.09735576923076923 0.12139423076923077 0.1502403846153846
0 0.9663461538461539 0.2548076923076923 0.06370192307692307 0.18389423076923078
0 0.8834134615384616 0.32211538461538464 0.1971153846153846 0.14783653846153846
0 0.7716346153846154 0.421875 0.12379807692307693 0.1622596153846154
0 0.5192307692307693 0.004807692307692308 0.09014423076923077 0.008413461538461538