0 0.9326923076923077 0.9158653846153846 0.11057692307692307 0.16346153846153846
0 0.9663461538461539 0.8125 0.0625 0.11057692307692307
0 0.9651442307692307 0.1141826923076923 0.06490384615384616 0.18028846153846154
0 0.9495192307692307 0.38822115384615385 0.09615384615384616 0.15625
0 0.9014423076923077 0.5492788461538461 0.18028846153846154 0.1466346153846154
0 0.9651442307692307 0.6478365384615384 0.06490384615384616 0.12740384615384615
0 0.9879807692307693 0.5192307692307693 0.019230769230769232 0.14903846153846154
0 0.8449519230769231 0.6634615384615384 0.109375 0.1814903846153846
0 0.7644230769230769 0.11778846153846154 0.11899038461538461 0.23317307692307693
0 0.6177884615384616 0.1201923076923077 0.12139423076923077 0.23798076923076922
0 0.49278846153846156 0.18028846153846154 0.17548076923076922 0.13942307692307693
0 0.5360576923076923 0.04447115384615385 0.11899038461538461 0.08653846153846154
0 0.44471153846153844 0.038461538461538464 0.09495192307692307 0.07451923076923077
0 0.27163461538461536 0.046875 0.10216346153846154 0.09014423076923077
0 0.3076923076923077 0.203125 0.14903846153846154 0.1622596153846154
0 0.6646634615384616 0.28966346153846156 0.203125 0.15504807692307693
0 0.7944711538461539 0.3701923076923077 0.10817307692307693 0.18269230769230768
0 0.6995192307692307 0.45913461538461536 0.12740384615384615 0.1658653846153846
0 0.7055288461538461 0.6694711538461539 0.11778846153846154 0.21514423076923078
0 0.7980769230769231 0.8305288461538461 0.14182692307692307 0.21394230769230768
0 0.7163461538461539 0.9471153846153846 0.11057692307692307 0.10096153846153846
0 0.6622596153846154 0.8918269230769231 0.09615384615384616 0.1935096153846154
0 0.5673076923076923 0.8930288461538461 0.10096153846153846 0.2091346153846154
0 0.47115384615384615 0.8894230769230769 0.09375 0.21033653846153846
0 0.3918269230769231 0.9459134615384616 0.09134615384615384 0.10336538461538461
0 0.29086538461538464 0.8870192307692307 0.10096153846153846 0.1814903846153846
0 0.19831730769230768 0.9435096153846154 0.12259615384615384 0.10817307692307693
0 0.30408653846153844 0.9807692307692307 0.0889423076923077 0.03365384615384615
0 0.4110576923076923 0.7548076923076923 0.1201923076923077 0.21875
0 0.5685096153846154 0.7235576923076923 0.17548076923076922 0.15745192307692307
0 0.4795673076923077 0.6117788461538461 0.11538461538461539 0.22956730769230768
0 0.5889423076923077 0.5901442307692307 0.11658653846153846 0.171875
0 0.5372596153846154 0.4411057692307692 0.19831730769230768 0.1310096153846154
0 0.47716346153846156 0.36899038461538464 0.1502403846153846 0.15144230769230768
0 0.3389423076923077 0.3942307692307692 0.12379807692307693 0.23317307692307693
0 0.15384615384615385 0.1310096153846154 0.109375 0.19951923076923078
0 0.08533653846153846 0.24158653846153846 0.1658653846153846 0.14423076923076922
0 0.054086538461538464 0.06370192307692307 0.10576923076923077 0.12379807692307693
0 0.027644230769230768 0.14903846153846154 0.052884615384615384 0.09134615384615384
0 0.010817307692307692 0.33052884615384615 0.019230769230769232 0.0673076923076923
0 0.1814903846153846 0.4735576923076923 0.09735576923076923 0.20192307692307693
0 0.09615384615384616 0.5036057692307693 0.1658653846153846 0.14182692307692307
0 0.2800480769230769 0.6778846153846154 0.140625 0.1346153846153846
0 0.125 0.8064903846153846 0.13701923076923078 0.12980769230769232
0 0.06971153846153846 0.9026442307692307 0.12139423076923077 0.1502403846153846
0 0.03365384615384615 0.7451923076923077 0.06370192307692307 0.18389423076923078
0 0.11658653846153846 0.6778846153846154 0.1971153846153846 0.14783653846153846
0 0.2283653846153846 0.578125 0.12379807692307693 0.1622596153846154
0 0.4807692307692308 0.9951923076923077 0.09014423076923077 0.008413461538461538