0 0.03365384615384615 0.7692307692307693 0.0673076923076923 0.10216346153846154
0 0.0829326923076923 0.8365384615384616 0.16346153846153846 0.12980769230769232
0 0.0733173076923077 0.9326923076923077 0.11057692307692307 0.1201923076923077
0 0.0889423076923077 0.4230769230769231 0.1778846153846154 0.15985576923076922
0 0.22596153846153846 0.3473557692307692 0.14302884615384615 0.13221153846153846
0 0.27403846153846156 0.24519230769230768 0.203125 0.10817307692307693
0 0.11778846153846154 0.07211538461538461 0.1045673076923077 0.14182692307692307
0 0.23197115384615385 0.10817307692307693 0.11658653846153846 0.21394230769230768
0 0.38221153846153844 0.11899038461538461 0.12860576923076922 0.234375
0 0.5228365384615384 0.25721153846153844 0.19951923076923078 0.1346153846153846
0 0.5108173076923077 0.03245192307692308 0.18389423076923078 0.0625
0 0.7235576923076923 0.038461538461538464 0.0889423076923077 0.07451923076923077
0 0.6887019230769231 0.2091346153846154 0.12139423076923077 0.1814903846153846
0 0.5432692307692307 0.16346153846153846 0.16466346153846154 0.11057692307692307
0 0.9014423076923077 0.13581730769230768 0.1310096153846154 0.24278846153846154
0 0.9711538461538461 0.21153846153846154 0.055288461538461536 0.16947115384615385
0 0.7944711538461539 0.2920673076923077 0.11658653846153846 0.1875
0 0.6778846153846154 0.38822115384615385 0.11177884615384616 0.23918269230769232
0 0.6105769230769231 0.4699519230769231 0.11057692307692307 0.19831730769230768
0 0.5144230769230769 0.42908653846153844 0.10216346153846154 0.17908653846153846
0 0.33774038461538464 0.5240384615384616 0.109375 0.265625
0 0.4543269230769231 0.4891826923076923 0.12860576923076922 0.23918269230769232
0 0.43509615384615385 0.6237980769230769 0.11298076923076923 0.20192307692307693
0 0.5588942307692307 0.6358173076923077 0.12980769230769232 0.1875
0 0.33533653846153844 0.7584134615384616 0.18269230769230768 0.1310096153846154
0 0.19471153846153846 0.6935096153846154 0.16105769230769232 0.16346153846153846
0 0.25841346153846156 0.6418269230769231 0.1346153846153846 0.13581730769230768
0 0.33774038461538464 0.8978365384615384 0.09615384615384616 0.16947115384615385
0 0.43149038461538464 0.8810096153846154 0.09495192307692307 0.18990384615384615
0 0.46153846153846156 0.9723557692307693 0.1201923076923077 0.05048076923076923
0 0.5300480769230769 0.8894230769230769 0.10817307692307693 0.21634615384615385
0 0.5877403846153846 0.7608173076923077 0.12620192307692307 0.20673076923076922
0 0.7079326923076923 0.8930288461538461 0.10216346153846154 0.19951923076923078
0 0.6189903846153846 0.9495192307692307 0.10336538461538461 0.09615384615384616
0 0.6947115384615384 0.9927884615384616 0.06610576923076923 0.013221153846153846
0 0.8605769230769231 0.9399038461538461 0.08653846153846154 0.11538461538461539
0 0.7908653846153846 0.9435096153846154 0.0889423076923077 0.11177884615384616
0 0.9615384615384616 0.9567307692307693 0.07211538461538461 0.08173076923076923
0 0.9471153846153846 0.8954326923076923 0.10216346153846154 0.20192307692307693
0 0.9735576923076923 0.7451923076923077 0.051682692307692304 0.203125
0 0.8798076923076923 0.8088942307692307 0.14543269230769232 0.13581730769230768
0 0.8846153846153846 0.6742788461538461 0.18629807692307693 0.15504807692307693
0 0.703125 0.6911057692307693 0.11899038461538461 0.17067307692307693
0 0.9026442307692307 0.5048076923076923 0.16706730769230768 0.14182692307692307
0 0.8173076923076923 0.4807692307692308 0.10216346153846154 0.20673076923076922
0 0.7836538461538461 0.6466346153846154 0.08653846153846154 0.22716346153846154