0 0.9651442307692307 0.23076923076923078 0.06490384615384616 0.10576923076923077
0 0.9170673076923077 0.16346153846153846 0.16346153846153846 0.12980769230769232
0 0.9266826923076923 0.0673076923076923 0.11057692307692307 0.1201923076923077
0 0.9098557692307693 0.5769230769230769 0.17548076923076922 0.16346153846153846
0 0.7740384615384616 0.6526442307692307 0.14302884615384615 0.13221153846153846
0 0.7259615384615384 0.7548076923076923 0.203125 0.10817307692307693
0 0.8822115384615384 0.9278846153846154 0.1045673076923077 0.14182692307692307
0 0.7680288461538461 0.8918269230769231 0.11658653846153846 0.21394230769230768
0 0.6177884615384616 0.8810096153846154 0.12860576923076922 0.234375
0 0.47716346153846156 0.7427884615384616 0.19951923076923078 0.1346153846153846
0 0.4891826923076923 0.9675480769230769 0.18389423076923078 0.0625
0 0.2764423076923077 0.9615384615384616 0.0889423076923077 0.07451923076923077
0 0.3112980769230769 0.7908653846153846 0.12139423076923077 0.1814903846153846
0 0.4567307692307692 0.8365384615384616 0.16466346153846154 0.11057692307692307
0 0.0985576923076923 0.8641826923076923 0.1310096153846154 0.24278846153846154
0 0.028846153846153848 0.7884615384615384 0.055288461538461536 0.16947115384615385
0 0.20552884615384615 0.7079326923076923 0.11658653846153846 0.1875
0 0.32211538461538464 0.6117788461538461 0.11177884615384616 0.23918269230769232
0 0.3894230769230769 0.5300480769230769 0.11057692307692307 0.19831730769230768
0 0.4855769230769231 0.5709134615384616 0.10216346153846154 0.17908653846153846
0 0.6622596153846154 0.47596153846153844 0.109375 0.265625
0 0.5456730769230769 0.5108173076923077 0.12860576923076922 0.23918269230769232
0 0.5649038461538461 0.3762019230769231 0.11298076923076923 0.20192307692307693
0 0.4411057692307692 0.3641826923076923 0.12980769230769232 0.1875
0 0.6646634615384616 0.24158653846153846 0.18269230769230768 0.1310096153846154
0 0.8052884615384616 0.30649038461538464 0.16105769230769232 0.16346153846153846
0 0.7415865384615384 0.3581730769230769 0.1346153846153846 0.13581730769230768
0 0.6622596153846154 0.10216346153846154 0.09615384615384616 0.16947115384615385
0 0.5685096153846154 0.11899038461538461 0.09495192307692307 0.18990384615384615
0 0.5384615384615384 0.026442307692307692 0.11778846153846154 0.052884615384615384
0 0.4699519230769231 0.109375 0.10576923076923077 0.21875
0 0.41225961538461536 0.23918269230769232 0.12620192307692307 0.20673076923076922
0 0.2920673076923077 0.10697115384615384 0.10216346153846154 0.19951923076923078
0 0.38221153846153844 0.04927884615384615 0.10096153846153846 0.0985576923076923
0 0.30528846153846156 0.007211538461538462 0.06610576923076923 0.013221153846153846
0 0.140625 0.05889423076923077 0.08413461538461539 0.11778846153846154
0 0.2091346153846154 0.056490384615384616 0.0889423076923077 0.11177884615384616
0 0.037259615384615384 0.042067307692307696 0.07451923076923077 0.08413461538461539
0 0.052884615384615384 0.1045673076923077 0.10216346153846154 0.20192307692307693
0 0.026442307692307692 0.2548076923076923 0.051682692307692304 0.203125
0 0.1201923076923077 0.19110576923076922 0.14543269230769232 0.13581730769230768
0 0.11538461538461539 0.32572115384615385 0.18629807692307693 0.15504807692307693
0 0.296875 0.3088942307692308 0.11899038461538461 0.17067307692307693
0 0.09735576923076923 0.4951923076923077 0.16706730769230768 0.14182692307692307
0 0.18269230769230768 0.5192307692307693 0.10216346153846154 0.20673076923076922
0 0.21634615384615385 0.35336538461538464 0.08653846153846154 0.22716346153846154