0 0.9074519230769231 0.8545673076923077 0.18028846153846154 0.1466346153846154
0 0.9038461538461539 0.953125 0.14423076923076922 0.0889423076923077
0 0.9747596153846154 0.7307692307692307 0.04567307692307692 0.1201923076923077
0 0.9879807692307693 0.5132211538461539 0.02283653846153846 0.06610576923076923
0 0.9098557692307693 0.4206730769230769 0.17548076923076922 0.15384615384615385
0 0.9771634615384616 0.24879807692307693 0.040865384615384616 0.12259615384615384
0 0.8942307692307693 0.06850961538461539 0.10096153846153846 0.1346153846153846
0 0.7680288461538461 0.11177884615384616 0.11899038461538461 0.21875
0 0.6189903846153846 0.11778846153846154 0.12740384615384615 0.23317307692307693
0 0.7379807692307693 0.21394230769230768 0.21514423076923078 0.14182692307692307
0 0.7860576923076923 0.34134615384615385 0.16346153846153846 0.15144230769230768
0 0.7932692307692307 0.6899038461538461 0.1622596153846154 0.1658653846153846
0 0.6814903846153846 0.6502403846153846 0.15625 0.14182692307692307
0 0.6778846153846154 0.7824519230769231 0.19230769230769232 0.13822115384615385
0 0.6622596153846154 0.9002403846153846 0.09495192307692307 0.15865384615384615
0 0.5721153846153846 0.8918269230769231 0.10096153846153846 0.21153846153846154
0 0.4735576923076923 0.8882211538461539 0.10096153846153846 0.21875
0 0.44711538461538464 0.6346153846153846 0.13701923076923078 0.18629807692307693
0 0.41586538461538464 0.7596153846153846 0.12379807692307693 0.20552884615384615
0 0.2956730769230769 0.8966346153846154 0.0985576923076923 0.203125
0 0.4206730769230769 0.9447115384615384 0.08653846153846154 0.10576923076923077
0 0.38461538461538464 0.9555288461538461 0.07692307692307693 0.08413461538461539
0 0.20673076923076922 0.9447115384615384 0.08653846153846154 0.10576923076923077
0 0.13942307692307693 0.9435096153846154 0.08173076923076923 0.10817307692307693
0 0.11899038461538461 0.8040865384615384 0.14302884615384615 0.13942307692307693
0 0.30288461538461536 0.6875 0.11658653846153846 0.15985576923076922
0 0.6622596153846154 0.5096153846153846 0.11298076923076923 0.20192307692307693
0 0.5889423076923077 0.4338942307692308 0.12259615384615384 0.22115384615384615
0 0.5625 0.6310096153846154 0.11177884615384616 0.18269230769230768
0 0.48677884615384615 0.44591346153846156 0.09495192307692307 0.18389423076923078
0 0.3894230769230769 0.453125 0.1045673076923077 0.19951923076923078
0 0.33653846153846156 0.421875 0.11658653846153846 0.22596153846153846
0 0.43509615384615385 0.25600961538461536 0.1814903846153846 0.12259615384615384
0 0.44711538461538464 0.15384615384615385 0.19831730769230768 0.09014423076923077
0 0.2620192307692308 0.21394230769230768 0.18509615384615385 0.13822115384615385
0 0.20552884615384615 0.3088942307692308 0.11298076923076923 0.15144230769230768
0 0.09615384615384616 0.125 0.12860576923076922 0.23317307692307693
0 0.028846153846153848 0.22235576923076922 0.055288461538461536 0.17908653846153846
0 0.27283653846153844 0.038461538461538464 0.09615384615384616 0.07211538461538461
0 0.5396634615384616 0.03485576923076923 0.1201923076923077 0.0673076923076923
0 0.1875 0.4855769230769231 0.09375 0.20552884615384615
0 0.08774038461538461 0.5048076923076923 0.15264423076923078 0.14182692307692307
0 0.21033653846153846 0.6526442307692307 0.10096153846153846 0.23677884615384615
0 0.11538461538461539 0.6742788461538461 0.14783653846153846 0.15144230769230768
0 0.028846153846153848 0.7307692307692307 0.055288461538461536 0.1502403846153846
0 0.030048076923076924 0.9543269230769231 0.057692307692307696 0.08774038461538461
0 0.08173076923076923 0.9230769230769231 0.046875 0.1502403846153846
0 0.030048076923076924 0.8617788461538461 0.057692307692307696 0.11899038461538461