0 0.9146634615384616 0.24519230769230768 0.15144230769230768 0.16346153846153846
0 0.03245192307692308 0.25 0.06009615384615385 0.22115384615384615
0 0.5721153846153846 0.2776442307692308 0.1875 0.12740384615384615
0 0.23557692307692307 0.03245192307692308 0.17307692307692307 0.06490384615384616
0 0.109375 0.33052884615384615 0.20432692307692307 0.1466346153846154
0 0.765625 0.33413461538461536 0.17548076923076922 0.14423076923076922
0 0.5396634615384616 0.34975961538461536 0.1658653846153846 0.10336538461538461
0 0.3545673076923077 0.38100961538461536 0.1466346153846154 0.14182692307692307
0 0.4795673076923077 0.38822115384615385 0.12259615384615384 0.23317307692307693
0 0.640625 0.3918269230769231 0.10336538461538461 0.1971153846153846
0 0.9182692307692307 0.4026442307692308 0.15865384615384615 0.1466346153846154
0 0.5709134615384616 0.042067307692307696 0.12259615384615384 0.08413461538461539
0 0.36658653846153844 0.04326923076923077 0.13701923076923078 0.08653846153846154
0 0.21754807692307693 0.46274038461538464 0.12740384615384615 0.23317307692307693
0 0.5877403846153846 0.4855769230769231 0.13701923076923078 0.19230769230769232
0 0.7235576923076923 0.4891826923076923 0.11057692307692307 0.23317307692307693
0 0.7992788461538461 0.49759615384615385 0.10336538461538461 0.2403846153846154
0 0.3425480769230769 0.5 0.19951923076923078 0.13942307692307693
0 0.9110576923076923 0.5252403846153846 0.17307692307692307 0.15144230769230768
0 0.09975961538461539 0.5516826923076923 0.18028846153846154 0.14182692307692307
0 0.4326923076923077 0.5877403846153846 0.12980769230769232 0.2091346153846154
0 0.8858173076923077 0.06009615384615385 0.17067307692307693 0.1201923076923077
0 0.9014423076923077 0.6466346153846154 0.19230769230769232 0.15865384615384615
0 0.3161057692307692 0.6682692307692307 0.17067307692307693 0.15384615384615385
0 0.18269230769230768 0.671875 0.125 0.18509615384615385
0 0.04326923076923077 0.6802884615384616 0.08173076923076923 0.22596153846153846
0 0.5901442307692307 0.6983173076923077 0.21875 0.15625
0 0.9471153846153846 0.7367788461538461 0.10096153846153846 0.21875
0 0.7584134615384616 0.7536057692307693 0.17548076923076922 0.28125
0 0.25721153846153844 0.7908653846153846 0.22115384615384615 0.20673076923076922
0 0.5120192307692307 0.8088942307692307 0.18269230769230768 0.15144230769230768
0 0.6911057692307693 0.8341346153846154 0.1658653846153846 0.14423076923076922
0 0.3762019230769231 0.8713942307692307 0.11778846153846154 0.19471153846153846
0 0.6165865384615384 0.8882211538461539 0.12259615384615384 0.21875
0 0.3737980769230769 0.09495192307692307 0.09375 0.18990384615384615
0 0.057692307692307696 0.9399038461538461 0.11057692307692307 0.11538461538461539
0 0.5576923076923077 0.9759615384615384 0.11538461538461539 0.04326923076923077
0 0.7560096153846154 0.10216346153846154 0.0985576923076923 0.17067307692307693
0 0.46875 0.11298076923076923 0.10576923076923077 0.22596153846153846
0 0.6574519230769231 0.1201923076923077 0.10336538461538461 0.18269230769230768
0 0.7752403846153846 0.20673076923076922 0.16105769230769232 0.15384615384615385
0 0.6802884615384616 0.02283653846153846 0.125 0.04567307692307692
0 0.13581730769230768 0.21754807692307693 0.16105769230769232 0.1466346153846154