0 0.08533653846153846 0.24519230769230768 0.15144230769230768 0.16346153846153846
0 0.9675480769230769 0.25 0.06009615384615385 0.22115384615384615
0 0.42788461538461536 0.2776442307692308 0.1875 0.12740384615384615
0 0.7644230769230769 0.03245192307692308 0.17307692307692307 0.06490384615384616
0 0.890625 0.33052884615384615 0.20432692307692307 0.1466346153846154
0 0.234375 0.33413461538461536 0.17548076923076922 0.14423076923076922
0 0.46033653846153844 0.34975961538461536 0.1658653846153846 0.10336538461538461
0 0.6454326923076923 0.38100961538461536 0.1466346153846154 0.14182692307692307
0 0.5204326923076923 0.38822115384615385 0.12259615384615384 0.23317307692307693
0 0.359375 0.3918269230769231 0.10336538461538461 0.1971153846153846
0 0.08052884615384616 0.4014423076923077 0.16105769230769232 0.14423076923076922
0 0.42908653846153844 0.042067307692307696 0.12259615384615384 0.08413461538461539
0 0.6334134615384616 0.04326923076923077 0.13701923076923078 0.08653846153846154
0 0.7824519230769231 0.46274038461538464 0.12740384615384615 0.23317307692307693
0 0.41225961538461536 0.4855769230769231 0.13701923076923078 0.19230769230769232
0 0.2764423076923077 0.4891826923076923 0.11057692307692307 0.23317307692307693
0 0.20072115384615385 0.49759615384615385 0.10336538461538461 0.2403846153846154
0 0.6574519230769231 0.5 0.19951923076923078 0.13942307692307693
0 0.08774038461538461 0.5240384615384616 0.17548076923076922 0.14903846153846154
0 0.9002403846153846 0.5516826923076923 0.18028846153846154 0.14182692307692307
0 0.5673076923076923 0.5877403846153846 0.12980769230769232 0.2091346153846154
0 0.1141826923076923 0.06009615384615385 0.17067307692307693 0.1201923076923077
0 0.09735576923076923 0.6454326923076923 0.19471153846153846 0.15625
0 0.6838942307692307 0.6682692307692307 0.17067307692307693 0.15384615384615385
0 0.8173076923076923 0.671875 0.125 0.18509615384615385
0 0.9567307692307693 0.6802884615384616 0.08173076923076923 0.22596153846153846
0 0.4098557692307692 0.6983173076923077 0.21875 0.15625
0 0.051682692307692304 0.7355769230769231 0.10336538461538461 0.21634615384615385
0 0.24158653846153846 0.7536057692307693 0.17548076923076922 0.28125
0 0.7427884615384616 0.7908653846153846 0.22115384615384615 0.20673076923076922
0 0.4879807692307692 0.8088942307692307 0.18269230769230768 0.15144230769230768
0 0.3088942307692308 0.8341346153846154 0.1658653846153846 0.14423076923076922
0 0.6237980769230769 0.8713942307692307 0.11778846153846154 0.19471153846153846
0 0.38341346153846156 0.8882211538461539 0.12259615384615384 0.21875
0 0.6262019230769231 0.09495192307692307 0.09375 0.18990384615384615
0 0.9423076923076923 0.9399038461538461 0.11057692307692307 0.11538461538461539
0 0.4423076923076923 0.9759615384615384 0.11538461538461539 0.04326923076923077
0 0.2439903846153846 0.10216346153846154 0.0985576923076923 0.17067307692307693
0 0.53125 0.11298076923076923 0.10576923076923077 0.22596153846153846
0 0.3425480769230769 0.1201923076923077 0.10336538461538461 0.18269230769230768
0 0.2247596153846154 0.20673076923076922 0.16105769230769232 0.15384615384615385
0 0.31971153846153844 0.02283653846153846 0.125 0.04567307692307692
0 0.8641826923076923 0.21754807692307693 0.16105769230769232 0.1466346153846154